Open,High,Low,Close,Volume,Dividends,Stock Splits,symbol,company_name,sector,industry,date
18.56,18.62,18.0,18.28,1971488,0.0,0.0,HWM,Howmet Aerospace,Industrials,Aerospace & Defense,2020-10-26
18.12,18.24,17.46,17.53,1938173,0.0,0.0,HWM,Howmet Aerospace,Industrials,Aerospace & Defense,2020-10-27
17.01,17.22,16.59,16.68,2500570,0.0,0.0,HWM,Howmet Aerospace,Industrials,Aerospace & Defense,2020-10-28
16.66,17.34,16.57,17.21,2087142,0.0,0.0,HWM,Howmet Aerospace,Industrials,Aerospace & Defense,2020-10-29
17.14,17.3,16.84,17.25,2745128,0.0,0.0,HWM,Howmet Aerospace,Industrials,Aerospace & Defense,2020-10-30
17.54,17.97,17.34,17.85,2260743,0.0,0.0,HWM,Howmet Aerospace,Industrials,Aerospace & Defense,2020-11-02
18.26,18.75,18.07,18.63,3002854,0.0,0.0,HWM,Howmet Aerospace,Industrials,Aerospace & Defense,2020-11-03
18.39,18.7,17.93,18.17,1896013,0.0,0.0,HWM,Howmet Aerospace,Industrials,Aerospace & Defense,2020-11-04
18.38,19.11,18.05,18.84,4727057,0.0,0.0,HWM,Howmet Aerospace,Industrials,Aerospace & Defense,2020-11-05
18.84,19.06,18.67,18.85,2847040,0.0,0.0,HWM,Howmet Aerospace,Industrials,Aerospace & Defense,2020-11-06
20.08,24.46,20.0,22.43,9927077,0.0,0.0,HWM,Howmet Aerospace,Industrials,Aerospace & Defense,2020-11-09
22.55,24.14,22.45,23.0,7706061,0.0,0.0,HWM,Howmet Aerospace,Industrials,Aerospace & Defense,2020-11-10
23.89,23.89,22.06,22.28,4958093,0.0,0.0,HWM,Howmet Aerospace,Industrials,Aerospace & Defense,2020-11-11
21.83,22.1,21.15,21.44,4751729,0.0,0.0,HWM,Howmet Aerospace,Industrials,Aerospace & Defense,2020-11-12
21.84,22.55,21.83,22.36,3401790,0.0,0.0,HWM,Howmet Aerospace,Industrials,Aerospace & Defense,2020-11-13
23.44,23.94,22.88,23.18,6422363,0.0,0.0,HWM,Howmet Aerospace,Industrials,Aerospace & Defense,2020-11-16
22.73,23.65,22.71,23.5,4120899,0.0,0.0,HWM,Howmet Aerospace,Industrials,Aerospace & Defense,2020-11-17
23.9,24.02,23.17,23.19,4491145,0.0,0.0,HWM,Howmet Aerospace,Industrials,Aerospace & Defense,2020-11-18
22.94,23.62,22.68,23.57,4378574,0.0,0.0,HWM,Howmet Aerospace,Industrials,Aerospace & Defense,2020-11-19
23.48,23.96,23.31,23.95,4990847,0.0,0.0,HWM,Howmet Aerospace,Industrials,Aerospace & Defense,2020-11-20
24.29,24.7,24.05,24.32,4451414,0.0,0.0,HWM,Howmet Aerospace,Industrials,Aerospace & Defense,2020-11-23
25.0,25.4,24.75,25.24,4098404,0.0,0.0,HWM,Howmet Aerospace,Industrials,Aerospace & Defense,2020-11-24
24.75,25.36,24.45,24.55,4593826,0.0,0.0,HWM,Howmet Aerospace,Industrials,Aerospace & Defense,2020-11-25
24.62,24.79,24.32,24.6,1795045,0.0,0.0,HWM,Howmet Aerospace,Industrials,Aerospace & Defense,2020-11-27
24.36,24.56,23.43,23.46,6994794,0.0,0.0,HWM,Howmet Aerospace,Industrials,Aerospace & Defense,2020-11-30
24.34,24.54,23.67,23.77,6364383,0.0,0.0,HWM,Howmet Aerospace,Industrials,Aerospace & Defense,2020-12-01
23.61,24.35,23.52,24.26,3365383,0.0,0.0,HWM,Howmet Aerospace,Industrials,Aerospace & Defense,2020-12-02
24.27,25.52,24.26,25.05,6175670,0.0,0.0,HWM,Howmet Aerospace,Industrials,Aerospace & Defense,2020-12-03
25.35,25.65,25.19,25.37,5259503,0.0,0.0,HWM,Howmet Aerospace,Industrials,Aerospace & Defense,2020-12-04
25.37,25.8,25.12,25.58,2854975,0.0,0.0,HWM,Howmet Aerospace,Industrials,Aerospace & Defense,2020-12-07
25.23,25.51,24.91,25.45,2404946,0.0,0.0,HWM,Howmet Aerospace,Industrials,Aerospace & Defense,2020-12-08
25.56,25.82,25.08,25.45,2494501,0.0,0.0,HWM,Howmet Aerospace,Industrials,Aerospace & Defense,2020-12-09
25.14,26.44,25.14,26.13,3460891,0.0,0.0,HWM,Howmet Aerospace,Industrials,Aerospace & Defense,2020-12-10
25.86,26.67,25.77,26.43,3853234,0.0,0.0,HWM,Howmet Aerospace,Industrials,Aerospace & Defense,2020-12-11
27.33,27.41,26.52,26.81,3631757,0.0,0.0,HWM,Howmet Aerospace,Industrials,Aerospace & Defense,2020-12-14
27.15,27.27,26.44,26.94,2485918,0.0,0.0,HWM,Howmet Aerospace,Industrials,Aerospace & Defense,2020-12-15
26.94,27.05,26.04,26.83,3217987,0.0,0.0,HWM,Howmet Aerospace,Industrials,Aerospace & Defense,2020-12-16
26.88,26.97,26.01,26.96,4053915,0.0,0.0,HWM,Howmet Aerospace,Industrials,Aerospace & Defense,2020-12-17
26.85,27.37,26.78,27.27,7733470,0.0,0.0,HWM,Howmet Aerospace,Industrials,Aerospace & Defense,2020-12-18
26.55,26.77,26.19,26.46,3706785,0.0,0.0,HWM,Howmet Aerospace,Industrials,Aerospace & Defense,2020-12-21
26.51,26.62,26.18,26.46,1892520,0.0,0.0,HWM,Howmet Aerospace,Industrials,Aerospace & Defense,2020-12-22
26.71,27.91,26.7,27.77,3283332,0.0,0.0,HWM,Howmet Aerospace,Industrials,Aerospace & Defense,2020-12-23
27.76,27.82,27.11,27.38,878587,0.0,0.0,HWM,Howmet Aerospace,Industrials,Aerospace & Defense,2020-12-24
27.47,28.07,27.47,27.73,1615983,0.0,0.0,HWM,Howmet Aerospace,Industrials,Aerospace & Defense,2020-12-28
27.82,28.07,27.48,27.97,2734235,0.0,0.0,HWM,Howmet Aerospace,Industrials,Aerospace & Defense,2020-12-29
27.87,28.76,27.87,28.36,2698810,0.0,0.0,HWM,Howmet Aerospace,Industrials,Aerospace & Defense,2020-12-30
28.46,28.68,28.24,28.54,2299458,0.0,0.0,HWM,Howmet Aerospace,Industrials,Aerospace & Defense,2020-12-31
28.49,28.5,26.83,26.87,3223065,0.0,0.0,HWM,Howmet Aerospace,Industrials,Aerospace & Defense,2021-01-04
26.97,28.01,26.82,27.91,3674821,0.0,0.0,HWM,Howmet Aerospace,Industrials,Aerospace & Defense,2021-01-05
28.09,28.64,27.66,28.03,3153493,0.0,0.0,HWM,Howmet Aerospace,Industrials,Aerospace & Defense,2021-01-06
28.16,28.22,27.7,27.74,2351685,0.0,0.0,HWM,Howmet Aerospace,Industrials,Aerospace & Defense,2021-01-07
27.84,27.98,27.32,27.91,2045884,0.0,0.0,HWM,Howmet Aerospace,Industrials,Aerospace & Defense,2021-01-08
27.47,28.36,27.4,28.21,3113112,0.0,0.0,HWM,Howmet Aerospace,Industrials,Aerospace & Defense,2021-01-11
28.21,29.1,28.0,28.87,2406107,0.0,0.0,HWM,Howmet Aerospace,Industrials,Aerospace & Defense,2021-01-12
28.74,28.88,28.09,28.13,1691368,0.0,0.0,HWM,Howmet Aerospace,Industrials,Aerospace & Defense,2021-01-13
28.53,29.0,28.16,28.59,6058931,0.0,0.0,HWM,Howmet Aerospace,Industrials,Aerospace & Defense,2021-01-14
28.26,28.26,27.62,27.95,2270351,0.0,0.0,HWM,Howmet Aerospace,Industrials,Aerospace & Defense,2021-01-15
28.25,28.25,27.52,27.75,2680445,0.0,0.0,HWM,Howmet Aerospace,Industrials,Aerospace & Defense,2021-01-19
27.94,27.99,27.34,27.4,4994323,0.0,0.0,HWM,Howmet Aerospace,Industrials,Aerospace & Defense,2021-01-20
27.21,27.35,26.63,26.92,7618116,0.0,0.0,HWM,Howmet Aerospace,Industrials,Aerospace & Defense,2021-01-21
26.71,27.03,26.37,26.76,2368218,0.0,0.0,HWM,Howmet Aerospace,Industrials,Aerospace & Defense,2021-01-22
26.48,26.61,25.34,25.83,7625053,0.0,0.0,HWM,Howmet Aerospace,Industrials,Aerospace & Defense,2021-01-25
26.14,26.28,24.91,25.0,7291804,0.0,0.0,HWM,Howmet Aerospace,Industrials,Aerospace & Defense,2021-01-26
24.39,24.45,22.91,23.6,8193147,0.0,0.0,HWM,Howmet Aerospace,Industrials,Aerospace & Defense,2021-01-27
24.09,24.88,24.0,24.76,4754137,0.0,0.0,HWM,Howmet Aerospace,Industrials,Aerospace & Defense,2021-01-28
24.64,25.41,24.1,24.58,5892435,0.0,0.0,HWM,Howmet Aerospace,Industrials,Aerospace & Defense,2021-01-29
24.97,25.34,24.54,25.05,2481447,0.0,0.0,HWM,Howmet Aerospace,Industrials,Aerospace & Defense,2021-02-01
25.53,26.56,25.23,26.11,4416183,0.0,0.0,HWM,Howmet Aerospace,Industrials,Aerospace & Defense,2021-02-02
25.3,27.23,25.1,26.86,4146679,0.0,0.0,HWM,Howmet Aerospace,Industrials,Aerospace & Defense,2021-02-03
27.05,27.95,26.81,27.34,5280299,0.0,0.0,HWM,Howmet Aerospace,Industrials,Aerospace & Defense,2021-02-04
27.68,27.79,27.0,27.13,2461697,0.0,0.0,HWM,Howmet Aerospace,Industrials,Aerospace & Defense,2021-02-05
27.35,27.77,27.25,27.74,1942401,0.0,0.0,HWM,Howmet Aerospace,Industrials,Aerospace & Defense,2021-02-08
27.5,27.92,27.37,27.76,2948235,0.0,0.0,HWM,Howmet Aerospace,Industrials,Aerospace & Defense,2021-02-09
27.9,28.45,27.65,28.33,3002381,0.0,0.0,HWM,Howmet Aerospace,Industrials,Aerospace & Defense,2021-02-10
28.26,28.82,27.91,28.75,3054575,0.0,0.0,HWM,Howmet Aerospace,Industrials,Aerospace & Defense,2021-02-11
28.42,28.71,28.1,28.28,1871757,0.0,0.0,HWM,Howmet Aerospace,Industrials,Aerospace & Defense,2021-02-12
28.4,28.77,28.11,28.38,2807279,0.0,0.0,HWM,Howmet Aerospace,Industrials,Aerospace & Defense,2021-02-16
28.75,28.75,28.35,28.64,1637857,0.0,0.0,HWM,Howmet Aerospace,Industrials,Aerospace & Defense,2021-02-17
28.22,28.55,27.66,27.81,2025061,0.0,0.0,HWM,Howmet Aerospace,Industrials,Aerospace & Defense,2021-02-18
28.06,28.81,27.98,28.68,2014142,0.0,0.0,HWM,Howmet Aerospace,Industrials,Aerospace & Defense,2021-02-19
28.23,29.2,28.23,28.65,2610855,0.0,0.0,HWM,Howmet Aerospace,Industrials,Aerospace & Defense,2021-02-22
28.71,29.17,28.21,29.08,1789151,0.0,0.0,HWM,Howmet Aerospace,Industrials,Aerospace & Defense,2021-02-23
29.07,30.52,28.9,30.14,3647332,0.0,0.0,HWM,Howmet Aerospace,Industrials,Aerospace & Defense,2021-02-24
30.0,30.16,28.16,28.35,2912472,0.0,0.0,HWM,Howmet Aerospace,Industrials,Aerospace & Defense,2021-02-25
28.36,28.58,27.79,28.11,3201871,0.0,0.0,HWM,Howmet Aerospace,Industrials,Aerospace & Defense,2021-02-26
28.91,29.4,28.82,28.95,2913194,0.0,0.0,HWM,Howmet Aerospace,Industrials,Aerospace & Defense,2021-03-01
28.86,29.34,28.61,28.98,2287198,0.0,0.0,HWM,Howmet Aerospace,Industrials,Aerospace & Defense,2021-03-02
29.18,30.56,29.0,30.3,4483655,0.0,0.0,HWM,Howmet Aerospace,Industrials,Aerospace & Defense,2021-03-03
30.37,30.84,28.71,29.55,7010809,0.0,0.0,HWM,Howmet Aerospace,Industrials,Aerospace & Defense,2021-03-04
30.02,30.52,28.52,30.37,3608190,0.0,0.0,HWM,Howmet Aerospace,Industrials,Aerospace & Defense,2021-03-05
30.86,31.12,29.75,29.81,3698504,0.0,0.0,HWM,Howmet Aerospace,Industrials,Aerospace & Defense,2021-03-08
30.07,30.49,29.23,29.76,5647287,0.0,0.0,HWM,Howmet Aerospace,Industrials,Aerospace & Defense,2021-03-09
30.08,31.78,29.98,31.45,4086936,0.0,0.0,HWM,Howmet Aerospace,Industrials,Aerospace & Defense,2021-03-10
31.5,32.47,31.5,31.63,5634052,0.0,0.0,HWM,Howmet Aerospace,Industrials,Aerospace & Defense,2021-03-11
31.56,31.86,31.09,31.55,3383450,0.0,0.0,HWM,Howmet Aerospace,Industrials,Aerospace & Defense,2021-03-12
31.72,31.94,31.04,31.82,2061799,0.0,0.0,HWM,Howmet Aerospace,Industrials,Aerospace & Defense,2021-03-15
31.95,32.04,31.03,31.14,3679547,0.0,0.0,HWM,Howmet Aerospace,Industrials,Aerospace & Defense,2021-03-16
31.14,32.2,31.04,32.16,3287269,0.0,0.0,HWM,Howmet Aerospace,Industrials,Aerospace & Defense,2021-03-17
32.01,32.96,31.74,31.76,4684020,0.0,0.0,HWM,Howmet Aerospace,Industrials,Aerospace & Defense,2021-03-18
31.81,32.17,30.65,31.82,3771564,0.0,0.0,HWM,Howmet Aerospace,Industrials,Aerospace & Defense,2021-03-19
31.81,31.99,31.14,31.55,3997928,0.0,0.0,HWM,Howmet Aerospace,Industrials,Aerospace & Defense,2021-03-22
31.03,31.56,30.21,30.37,3871240,0.0,0.0,HWM,Howmet Aerospace,Industrials,Aerospace & Defense,2021-03-23
30.8,31.38,30.35,30.35,2716145,0.0,0.0,HWM,Howmet Aerospace,Industrials,Aerospace & Defense,2021-03-24
29.96,31.47,29.59,31.35,2674237,0.0,0.0,HWM,Howmet Aerospace,Industrials,Aerospace & Defense,2021-03-25
31.47,32.25,31.31,31.99,2914700,0.0,0.0,HWM,Howmet Aerospace,Industrials,Aerospace & Defense,2021-03-26
32.01,32.35,31.36,31.52,2442224,0.0,0.0,HWM,Howmet Aerospace,Industrials,Aerospace & Defense,2021-03-29
31.64,32.07,31.26,31.76,4116385,0.0,0.0,HWM,Howmet Aerospace,Industrials,Aerospace & Defense,2021-03-30
32.16,32.55,31.72,32.13,3211550,0.0,0.0,HWM,Howmet Aerospace,Industrials,Aerospace & Defense,2021-03-31
32.01,32.3,31.65,31.82,3053514,0.0,0.0,HWM,Howmet Aerospace,Industrials,Aerospace & Defense,2021-04-01
32.29,32.5,31.97,32.07,3326927,0.0,0.0,HWM,Howmet Aerospace,Industrials,Aerospace & Defense,2021-04-05
31.89,32.12,31.15,31.4,4125294,0.0,0.0,HWM,Howmet Aerospace,Industrials,Aerospace & Defense,2021-04-06
31.54,32.03,31.4,31.8,2712659,0.0,0.0,HWM,Howmet Aerospace,Industrials,Aerospace & Defense,2021-04-07
31.62,31.9,31.07,31.81,1845849,0.0,0.0,HWM,Howmet Aerospace,Industrials,Aerospace & Defense,2021-04-08
31.91,32.3,31.5,32.23,1558538,0.0,0.0,HWM,Howmet Aerospace,Industrials,Aerospace & Defense,2021-04-09
32.29,32.41,31.79,32.32,2376058,0.0,0.0,HWM,Howmet Aerospace,Industrials,Aerospace & Defense,2021-04-12
32.19,32.37,31.77,32.14,1922037,0.0,0.0,HWM,Howmet Aerospace,Industrials,Aerospace & Defense,2021-04-13
32.31,33.42,32.31,32.55,4316840,0.0,0.0,HWM,Howmet Aerospace,Industrials,Aerospace & Defense,2021-04-14
32.65,32.65,31.92,32.35,2169666,0.0,0.0,HWM,Howmet Aerospace,Industrials,Aerospace & Defense,2021-04-15
32.81,32.9,32.25,32.7,1891017,0.0,0.0,HWM,Howmet Aerospace,Industrials,Aerospace & Defense,2021-04-16
32.54,32.79,32.2,32.57,1842822,0.0,0.0,HWM,Howmet Aerospace,Industrials,Aerospace & Defense,2021-04-19
32.29,32.35,30.78,31.0,3717123,0.0,0.0,HWM,Howmet Aerospace,Industrials,Aerospace & Defense,2021-04-20
30.86,31.96,30.55,31.93,1561936,0.0,0.0,HWM,Howmet Aerospace,Industrials,Aerospace & Defense,2021-04-21
32.1,32.29,31.42,31.42,3145415,0.0,0.0,HWM,Howmet Aerospace,Industrials,Aerospace & Defense,2021-04-22
31.56,32.17,31.44,31.96,2664912,0.0,0.0,HWM,Howmet Aerospace,Industrials,Aerospace & Defense,2021-04-23
32.27,32.47,32.02,32.22,3897085,0.0,0.0,HWM,Howmet Aerospace,Industrials,Aerospace & Defense,2021-04-26
32.39,32.45,31.81,32.03,1639347,0.0,0.0,HWM,Howmet Aerospace,Industrials,Aerospace & Defense,2021-04-27
31.82,32.29,31.69,32.12,4495002,0.0,0.0,HWM,Howmet Aerospace,Industrials,Aerospace & Defense,2021-04-28
32.43,32.59,31.75,32.14,1831370,0.0,0.0,HWM,Howmet Aerospace,Industrials,Aerospace & Defense,2021-04-29
32.0,32.3,31.78,31.96,1864112,0.0,0.0,HWM,Howmet Aerospace,Industrials,Aerospace & Defense,2021-04-30
32.1,32.43,31.92,32.03,2289990,0.0,0.0,HWM,Howmet Aerospace,Industrials,Aerospace & Defense,2021-05-03
32.07,32.52,31.65,32.19,2503587,0.0,0.0,HWM,Howmet Aerospace,Industrials,Aerospace & Defense,2021-05-04
32.41,32.77,31.99,32.35,3816874,0.0,0.0,HWM,Howmet Aerospace,Industrials,Aerospace & Defense,2021-05-05
32.12,32.34,30.81,32.21,4189532,0.0,0.0,HWM,Howmet Aerospace,Industrials,Aerospace & Defense,2021-05-06
32.3,33.69,31.84,33.57,4718686,0.0,0.0,HWM,Howmet Aerospace,Industrials,Aerospace & Defense,2021-05-07
33.86,33.89,32.55,32.58,2618655,0.0,0.0,HWM,Howmet Aerospace,Industrials,Aerospace & Defense,2021-05-10
32.1,33.1,31.87,32.4,3968908,0.0,0.0,HWM,Howmet Aerospace,Industrials,Aerospace & Defense,2021-05-11
32.2,32.48,31.51,31.88,4527760,0.0,0.0,HWM,Howmet Aerospace,Industrials,Aerospace & Defense,2021-05-12
32.15,32.89,32.09,32.35,3106548,0.0,0.0,HWM,Howmet Aerospace,Industrials,Aerospace & Defense,2021-05-13
32.66,33.43,32.37,33.25,5186171,0.0,0.0,HWM,Howmet Aerospace,Industrials,Aerospace & Defense,2021-05-14
32.99,33.77,32.72,33.71,4143385,0.0,0.0,HWM,Howmet Aerospace,Industrials,Aerospace & Defense,2021-05-17
33.87,34.19,33.51,33.72,6711599,0.0,0.0,HWM,Howmet Aerospace,Industrials,Aerospace & Defense,2021-05-18
33.33,33.61,32.81,33.59,4521900,0.0,0.0,HWM,Howmet Aerospace,Industrials,Aerospace & Defense,2021-05-19
33.54,33.91,33.26,33.79,3166482,0.0,0.0,HWM,Howmet Aerospace,Industrials,Aerospace & Defense,2021-05-20
34.2,34.55,33.68,33.76,4548710,0.0,0.0,HWM,Howmet Aerospace,Industrials,Aerospace & Defense,2021-05-21
34.06,34.15,33.65,34.04,4805683,0.0,0.0,HWM,Howmet Aerospace,Industrials,Aerospace & Defense,2021-05-24
34.05,34.47,33.75,33.77,3317397,0.0,0.0,HWM,Howmet Aerospace,Industrials,Aerospace & Defense,2021-05-25
33.87,34.2,33.83,34.02,2915833,0.0,0.0,HWM,Howmet Aerospace,Industrials,Aerospace & Defense,2021-05-26
35.19,35.54,34.67,35.48,7870406,0.0,0.0,HWM,Howmet Aerospace,Industrials,Aerospace & Defense,2021-05-27
35.46,35.51,35.02,35.48,2613361,0.0,0.0,HWM,Howmet Aerospace,Industrials,Aerospace & Defense,2021-05-28
35.98,36.01,35.49,35.61,3519784,0.0,0.0,HWM,Howmet Aerospace,Industrials,Aerospace & Defense,2021-06-01
35.65,35.76,35.11,35.41,2777772,0.0,0.0,HWM,Howmet Aerospace,Industrials,Aerospace & Defense,2021-06-02
35.13,35.26,34.65,34.83,3123627,0.0,0.0,HWM,Howmet Aerospace,Industrials,Aerospace & Defense,2021-06-03
34.99,35.24,34.73,35.2,2530486,0.0,0.0,HWM,Howmet Aerospace,Industrials,Aerospace & Defense,2021-06-04
35.25,35.43,34.98,35.3,2063090,0.0,0.0,HWM,Howmet Aerospace,Industrials,Aerospace & Defense,2021-06-07
35.31,36.03,35.31,35.73,3727654,0.0,0.0,HWM,Howmet Aerospace,Industrials,Aerospace & Defense,2021-06-08
35.49,35.69,35.02,35.03,2077926,0.0,0.0,HWM,Howmet Aerospace,Industrials,Aerospace & Defense,2021-06-09
35.39,35.56,34.93,35.01,4665188,0.0,0.0,HWM,Howmet Aerospace,Industrials,Aerospace & Defense,2021-06-10
35.27,35.55,34.96,35.37,2037881,0.0,0.0,HWM,Howmet Aerospace,Industrials,Aerospace & Defense,2021-06-11
35.3,35.47,34.75,34.96,1660864,0.0,0.0,HWM,Howmet Aerospace,Industrials,Aerospace & Defense,2021-06-14
34.86,35.16,34.73,35.01,2019436,0.0,0.0,HWM,Howmet Aerospace,Industrials,Aerospace & Defense,2021-06-15
34.94,35.58,34.68,34.93,2771549,0.0,0.0,HWM,Howmet Aerospace,Industrials,Aerospace & Defense,2021-06-16
34.84,34.9,33.51,34.02,3181192,0.0,0.0,HWM,Howmet Aerospace,Industrials,Aerospace & Defense,2021-06-17
33.44,33.92,33.12,33.19,4940133,0.0,0.0,HWM,Howmet Aerospace,Industrials,Aerospace & Defense,2021-06-18
33.52,34.13,33.48,34.07,3673983,0.0,0.0,HWM,Howmet Aerospace,Industrials,Aerospace & Defense,2021-06-21
33.99,34.09,33.19,33.81,3670138,0.0,0.0,HWM,Howmet Aerospace,Industrials,Aerospace & Defense,2021-06-22
33.81,34.09,33.62,33.81,1886829,0.0,0.0,HWM,Howmet Aerospace,Industrials,Aerospace & Defense,2021-06-23
34.17,34.6,33.77,34.58,1995241,0.0,0.0,HWM,Howmet Aerospace,Industrials,Aerospace & Defense,2021-06-24
34.74,35.06,34.54,34.84,5245324,0.0,0.0,HWM,Howmet Aerospace,Industrials,Aerospace & Defense,2021-06-25
34.68,34.89,33.61,33.88,2266956,0.0,0.0,HWM,Howmet Aerospace,Industrials,Aerospace & Defense,2021-06-28
34.08,34.35,33.61,33.67,3351075,0.0,0.0,HWM,Howmet Aerospace,Industrials,Aerospace & Defense,2021-06-29
33.76,34.53,33.76,34.47,2665375,0.0,0.0,HWM,Howmet Aerospace,Industrials,Aerospace & Defense,2021-06-30
34.58,34.79,34.37,34.62,2141943,0.0,0.0,HWM,Howmet Aerospace,Industrials,Aerospace & Defense,2021-07-01
34.79,34.8,34.31,34.44,1711534,0.0,0.0,HWM,Howmet Aerospace,Industrials,Aerospace & Defense,2021-07-02
34.24,34.35,33.1,33.51,3342893,0.0,0.0,HWM,Howmet Aerospace,Industrials,Aerospace & Defense,2021-07-06
33.3,33.78,32.65,33.24,3093047,0.0,0.0,HWM,Howmet Aerospace,Industrials,Aerospace & Defense,2021-07-07
32.59,33.42,32.21,32.94,2830508,0.0,0.0,HWM,Howmet Aerospace,Industrials,Aerospace & Defense,2021-07-08
33.47,33.97,33.3,33.95,1819609,0.0,0.0,HWM,Howmet Aerospace,Industrials,Aerospace & Defense,2021-07-09
33.59,34.06,33.34,33.87,2568247,0.0,0.0,HWM,Howmet Aerospace,Industrials,Aerospace & Defense,2021-07-12
33.51,33.73,32.84,32.89,2317142,0.0,0.0,HWM,Howmet Aerospace,Industrials,Aerospace & Defense,2021-07-13
33.11,33.62,32.67,32.8,1950682,0.0,0.0,HWM,Howmet Aerospace,Industrials,Aerospace & Defense,2021-07-14
32.39,33.08,32.11,32.41,4104845,0.0,0.0,HWM,Howmet Aerospace,Industrials,Aerospace & Defense,2021-07-15
32.73,32.89,31.57,31.66,6164667,0.0,0.0,HWM,Howmet Aerospace,Industrials,Aerospace & Defense,2021-07-16
30.89,30.94,29.93,30.49,4709667,0.0,0.0,HWM,Howmet Aerospace,Industrials,Aerospace & Defense,2021-07-19
30.51,32.12,30.35,31.89,3332018,0.0,0.0,HWM,Howmet Aerospace,Industrials,Aerospace & Defense,2021-07-20
32.21,33.04,32.17,32.87,1921719,0.0,0.0,HWM,Howmet Aerospace,Industrials,Aerospace & Defense,2021-07-21
32.77,32.78,32.19,32.33,3807130,0.0,0.0,HWM,Howmet Aerospace,Industrials,Aerospace & Defense,2021-07-22
32.72,32.83,32.24,32.38,2208598,0.0,0.0,HWM,Howmet Aerospace,Industrials,Aerospace & Defense,2021-07-23
32.36,32.84,32.26,32.51,2352821,0.0,0.0,HWM,Howmet Aerospace,Industrials,Aerospace & Defense,2021-07-26
32.32,32.84,32.15,32.73,2419629,0.0,0.0,HWM,Howmet Aerospace,Industrials,Aerospace & Defense,2021-07-27
33.46,33.57,32.5,32.81,3440239,0.0,0.0,HWM,Howmet Aerospace,Industrials,Aerospace & Defense,2021-07-28
33.21,33.54,32.93,33.1,1839046,0.0,0.0,HWM,Howmet Aerospace,Industrials,Aerospace & Defense,2021-07-29
32.8,33.1,32.5,32.82,1729509,0.0,0.0,HWM,Howmet Aerospace,Industrials,Aerospace & Defense,2021-07-30
33.23,34.01,32.62,32.73,1853609,0.0,0.0,HWM,Howmet Aerospace,Industrials,Aerospace & Defense,2021-08-02
32.84,33.07,31.71,33.0,2423697,0.0,0.0,HWM,Howmet Aerospace,Industrials,Aerospace & Defense,2021-08-03
32.0,32.69,30.68,30.7,5556549,0.0,0.0,HWM,Howmet Aerospace,Industrials,Aerospace & Defense,2021-08-04
30.88,31.94,30.85,31.65,5523086,0.0,0.0,HWM,Howmet Aerospace,Industrials,Aerospace & Defense,2021-08-05
32.15,32.49,31.65,31.74,4706137,0.0,0.0,HWM,Howmet Aerospace,Industrials,Aerospace & Defense,2021-08-06
31.47,31.82,31.02,31.56,2840157,0.0,0.0,HWM,Howmet Aerospace,Industrials,Aerospace & Defense,2021-08-09
31.63,32.67,31.5,32.3,2001706,0.0,0.0,HWM,Howmet Aerospace,Industrials,Aerospace & Defense,2021-08-10
32.27,33.03,31.81,33.01,2046034,0.0,0.0,HWM,Howmet Aerospace,Industrials,Aerospace & Defense,2021-08-11
32.92,32.98,32.48,32.68,1303646,0.0,0.0,HWM,Howmet Aerospace,Industrials,Aerospace & Defense,2021-08-12
32.72,32.78,32.11,32.12,994314,0.0,0.0,HWM,Howmet Aerospace,Industrials,Aerospace & Defense,2021-08-13
31.77,32.19,31.37,31.98,1764495,0.0,0.0,HWM,Howmet Aerospace,Industrials,Aerospace & Defense,2021-08-16
31.56,31.74,31.11,31.48,1715117,0.0,0.0,HWM,Howmet Aerospace,Industrials,Aerospace & Defense,2021-08-17
31.82,32.92,31.38,32.23,3637143,0.0,0.0,HWM,Howmet Aerospace,Industrials,Aerospace & Defense,2021-08-18
31.74,32.18,31.11,31.75,3758754,0.0,0.0,HWM,Howmet Aerospace,Industrials,Aerospace & Defense,2021-08-19
31.64,31.99,31.47,31.81,1687529,0.0,0.0,HWM,Howmet Aerospace,Industrials,Aerospace & Defense,2021-08-20
32.15,32.44,32.09,32.2,1808775,0.0,0.0,HWM,Howmet Aerospace,Industrials,Aerospace & Defense,2021-08-23
32.43,32.97,32.42,32.52,1685743,0.0,0.0,HWM,Howmet Aerospace,Industrials,Aerospace & Defense,2021-08-24
32.68,33.16,32.5,32.94,1805687,0.0,0.0,HWM,Howmet Aerospace,Industrials,Aerospace & Defense,2021-08-25
32.93,32.93,32.19,32.21,1222972,0.0,0.0,HWM,Howmet Aerospace,Industrials,Aerospace & Defense,2021-08-26
32.45,33.08,32.39,32.79,2083719,0.0,0.0,HWM,Howmet Aerospace,Industrials,Aerospace & Defense,2021-08-27
32.81,32.9,31.77,31.78,1522115,0.0,0.0,HWM,Howmet Aerospace,Industrials,Aerospace & Defense,2021-08-30
31.68,32.36,31.58,31.75,3453984,0.0,0.0,HWM,Howmet Aerospace,Industrials,Aerospace & Defense,2021-08-31
31.97,32.12,31.41,31.9,2006344,0.0,0.0,HWM,Howmet Aerospace,Industrials,Aerospace & Defense,2021-09-01
31.95,32.37,31.77,31.89,1338497,0.0,0.0,HWM,Howmet Aerospace,Industrials,Aerospace & Defense,2021-09-02
31.74,31.88,31.12,31.37,1411568,0.0,0.0,HWM,Howmet Aerospace,Industrials,Aerospace & Defense,2021-09-03
31.18,31.52,30.9,31.26,1657237,0.0,0.0,HWM,Howmet Aerospace,Industrials,Aerospace & Defense,2021-09-07
31.08,31.32,30.87,31.09,1288459,0.0,0.0,HWM,Howmet Aerospace,Industrials,Aerospace & Defense,2021-09-08
31.1,31.9,30.99,31.67,1535616,0.0,0.0,HWM,Howmet Aerospace,Industrials,Aerospace & Defense,2021-09-09
31.91,32.0,31.2,31.22,1509572,0.0,0.0,HWM,Howmet Aerospace,Industrials,Aerospace & Defense,2021-09-10
31.56,32.4,31.44,32.25,2422517,0.0,0.0,HWM,Howmet Aerospace,Industrials,Aerospace & Defense,2021-09-13
32.45,32.45,31.5,31.59,1712078,0.0,0.0,HWM,Howmet Aerospace,Industrials,Aerospace & Defense,2021-09-14
31.49,32.04,31.36,32.01,1407702,0.0,0.0,HWM,Howmet Aerospace,Industrials,Aerospace & Defense,2021-09-15
32.03,32.2,31.38,31.44,1318087,0.0,0.0,HWM,Howmet Aerospace,Industrials,Aerospace & Defense,2021-09-16
31.25,31.56,30.75,30.99,4280345,0.0,0.0,HWM,Howmet Aerospace,Industrials,Aerospace & Defense,2021-09-17
30.21,30.97,30.04,30.94,2585474,0.0,0.0,HWM,Howmet Aerospace,Industrials,Aerospace & Defense,2021-09-20
31.21,31.35,30.41,30.6,2635382,0.0,0.0,HWM,Howmet Aerospace,Industrials,Aerospace & Defense,2021-09-21
31.05,31.49,30.56,31.11,3354754,0.0,0.0,HWM,Howmet Aerospace,Industrials,Aerospace & Defense,2021-09-22
31.35,32.08,31.32,31.71,3017288,0.0,0.0,HWM,Howmet Aerospace,Industrials,Aerospace & Defense,2021-09-23
31.57,31.95,31.4,31.53,3183431,0.0,0.0,HWM,Howmet Aerospace,Industrials,Aerospace & Defense,2021-09-24
31.81,33.19,31.76,33.0,4630805,0.0,0.0,HWM,Howmet Aerospace,Industrials,Aerospace & Defense,2021-09-27
33.21,33.62,32.24,32.41,3728183,0.0,0.0,HWM,Howmet Aerospace,Industrials,Aerospace & Defense,2021-09-28
32.59,32.75,31.87,31.91,2547503,0.0,0.0,HWM,Howmet Aerospace,Industrials,Aerospace & Defense,2021-09-29
32.0,32.06,31.18,31.2,2641492,0.0,0.0,HWM,Howmet Aerospace,Industrials,Aerospace & Defense,2021-09-30
31.43,32.66,31.33,32.43,5084491,0.0,0.0,HWM,Howmet Aerospace,Industrials,Aerospace & Defense,2021-10-01
32.38,32.6,31.82,31.88,4333055,0.0,0.0,HWM,Howmet Aerospace,Industrials,Aerospace & Defense,2021-10-04
31.96,32.37,31.55,32.11,1990061,0.0,0.0,HWM,Howmet Aerospace,Industrials,Aerospace & Defense,2021-10-05
31.75,32.07,30.82,31.96,2058925,0.0,0.0,HWM,Howmet Aerospace,Industrials,Aerospace & Defense,2021-10-06
32.19,32.72,32.09,32.14,1523826,0.0,0.0,HWM,Howmet Aerospace,Industrials,Aerospace & Defense,2021-10-07
32.22,32.34,31.6,31.64,1129650,0.0,0.0,HWM,Howmet Aerospace,Industrials,Aerospace & Defense,2021-10-08
31.55,32.13,31.33,31.42,2315488,0.0,0.0,HWM,Howmet Aerospace,Industrials,Aerospace & Defense,2021-10-11
31.4,31.84,31.36,31.41,1114967,0.0,0.0,HWM,Howmet Aerospace,Industrials,Aerospace & Defense,2021-10-12
31.39,31.61,30.73,31.35,1602757,0.0,0.0,HWM,Howmet Aerospace,Industrials,Aerospace & Defense,2021-10-13
31.69,31.69,30.86,30.89,3263173,0.0,0.0,HWM,Howmet Aerospace,Industrials,Aerospace & Defense,2021-10-14
31.6,31.86,31.27,31.33,2913024,0.0,0.0,HWM,Howmet Aerospace,Industrials,Aerospace & Defense,2021-10-15
31.05,31.43,30.85,30.9,2339145,0.0,0.0,HWM,Howmet Aerospace,Industrials,Aerospace & Defense,2021-10-18
31.0,31.21,30.56,30.88,1576099,0.0,0.0,HWM,Howmet Aerospace,Industrials,Aerospace & Defense,2021-10-19
30.63,31.31,30.45,30.94,2045832,0.0,0.0,HWM,Howmet Aerospace,Industrials,Aerospace & Defense,2021-10-20
30.8,30.93,30.38,30.72,1081747,0.0,0.0,HWM,Howmet Aerospace,Industrials,Aerospace & Defense,2021-10-21
30.76,31.0,30.28,30.46,2546515,0.0,0.0,HWM,Howmet Aerospace,Industrials,Aerospace & Defense,2021-10-22
30.44,30.52,29.82,30.37,2901902,0.0,0.0,HWM,Howmet Aerospace,Industrials,Aerospace & Defense,2021-10-25
30.24,30.7,29.95,29.96,4585457,0.0,0.0,HWM,Howmet Aerospace,Industrials,Aerospace & Defense,2021-10-26
30.06,30.62,29.36,29.38,3616575,0.0,0.0,HWM,Howmet Aerospace,Industrials,Aerospace & Defense,2021-10-27
29.34,29.9,29.29,29.7,4465178,0.0,0.0,HWM,Howmet Aerospace,Industrials,Aerospace & Defense,2021-10-28
29.68,30.01,29.42,29.69,2975416,0.0,0.0,HWM,Howmet Aerospace,Industrials,Aerospace & Defense,2021-10-29
29.68,30.58,29.63,30.5,2478996,0.0,0.0,HWM,Howmet Aerospace,Industrials,Aerospace & Defense,2021-11-01
30.48,30.95,30.23,30.68,3214213,0.0,0.0,HWM,Howmet Aerospace,Industrials,Aerospace & Defense,2021-11-02
30.38,30.84,30.13,30.43,3418560,0.0,0.0,HWM,Howmet Aerospace,Industrials,Aerospace & Defense,2021-11-03
30.16,31.66,29.69,31.0,4901261,0.0,0.0,HWM,Howmet Aerospace,Industrials,Aerospace & Defense,2021-11-04
31.9,33.63,31.75,33.4,4394897,0.0,0.0,HWM,Howmet Aerospace,Industrials,Aerospace & Defense,2021-11-05
33.55,33.84,32.52,32.76,3035768,0.0,0.0,HWM,Howmet Aerospace,Industrials,Aerospace & Defense,2021-11-08
32.97,33.35,32.71,33.09,2611393,0.0,0.0,HWM,Howmet Aerospace,Industrials,Aerospace & Defense,2021-11-09
32.97,33.43,32.27,32.29,1718574,0.0,0.0,HWM,Howmet Aerospace,Industrials,Aerospace & Defense,2021-11-10
32.29,32.51,31.99,32.0,1517279,0.0,0.0,HWM,Howmet Aerospace,Industrials,Aerospace & Defense,2021-11-11
32.06,32.24,31.84,31.97,1584996,0.0,0.0,HWM,Howmet Aerospace,Industrials,Aerospace & Defense,2021-11-12
32.41,33.16,32.17,33.05,4153994,0.0,0.0,HWM,Howmet Aerospace,Industrials,Aerospace & Defense,2021-11-15
33.01,33.03,31.52,31.71,3593584,0.0,0.0,HWM,Howmet Aerospace,Industrials,Aerospace & Defense,2021-11-16
31.95,32.08,31.35,31.48,1602697,0.0,0.0,HWM,Howmet Aerospace,Industrials,Aerospace & Defense,2021-11-17
31.6,31.61,30.89,31.32,1490385,0.0,0.0,HWM,Howmet Aerospace,Industrials,Aerospace & Defense,2021-11-18
31.02,31.08,29.92,30.18,3956377,0.0,0.0,HWM,Howmet Aerospace,Industrials,Aerospace & Defense,2021-11-19
30.38,30.56,30.02,30.28,2143016,0.0,0.0,HWM,Howmet Aerospace,Industrials,Aerospace & Defense,2021-11-22
30.58,30.9,30.44,30.78,1577672,0.0,0.0,HWM,Howmet Aerospace,Industrials,Aerospace & Defense,2021-11-23
30.51,30.98,30.34,30.73,2231648,0.0,0.0,HWM,Howmet Aerospace,Industrials,Aerospace & Defense,2021-11-24
29.0,29.04,27.94,28.75,2382908,0.0,0.0,HWM,Howmet Aerospace,Industrials,Aerospace & Defense,2021-11-26
29.19,29.32,28.35,28.5,3218204,0.0,0.0,HWM,Howmet Aerospace,Industrials,Aerospace & Defense,2021-11-29
28.09,28.44,27.78,28.13,4977856,0.0,0.0,HWM,Howmet Aerospace,Industrials,Aerospace & Defense,2021-11-30
28.86,28.99,27.41,27.41,3771048,0.0,0.0,HWM,Howmet Aerospace,Industrials,Aerospace & Defense,2021-12-01
27.81,28.98,27.69,28.8,3673366,0.0,0.0,HWM,Howmet Aerospace,Industrials,Aerospace & Defense,2021-12-02
29.0,29.36,28.74,29.06,4616972,0.0,0.0,HWM,Howmet Aerospace,Industrials,Aerospace & Defense,2021-12-03
29.32,30.92,29.24,30.43,4473461,0.0,0.0,HWM,Howmet Aerospace,Industrials,Aerospace & Defense,2021-12-06
30.91,31.47,30.69,30.83,3942456,0.0,0.0,HWM,Howmet Aerospace,Industrials,Aerospace & Defense,2021-12-07
30.99,31.65,30.82,31.08,2024579,0.0,0.0,HWM,Howmet Aerospace,Industrials,Aerospace & Defense,2021-12-08
30.52,31.19,30.45,30.85,2294037,0.0,0.0,HWM,Howmet Aerospace,Industrials,Aerospace & Defense,2021-12-09
31.12,31.18,30.71,30.86,1807511,0.0,0.0,HWM,Howmet Aerospace,Industrials,Aerospace & Defense,2021-12-10
30.71,30.86,29.37,30.08,2953549,0.0,0.0,HWM,Howmet Aerospace,Industrials,Aerospace & Defense,2021-12-13
29.96,30.68,29.61,29.68,2089312,0.0,0.0,HWM,Howmet Aerospace,Industrials,Aerospace & Defense,2021-12-14
29.85,30.03,29.34,29.99,2049482,0.0,0.0,HWM,Howmet Aerospace,Industrials,Aerospace & Defense,2021-12-15
30.27,30.65,29.38,29.48,2002599,0.0,0.0,HWM,Howmet Aerospace,Industrials,Aerospace & Defense,2021-12-16
29.5,30.08,28.98,29.96,4168962,0.0,0.0,HWM,Howmet Aerospace,Industrials,Aerospace & Defense,2021-12-17
29.16,29.33,28.51,29.26,1752092,0.0,0.0,HWM,Howmet Aerospace,Industrials,Aerospace & Defense,2021-12-20
29.41,31.06,29.29,30.59,2950138,0.0,0.0,HWM,Howmet Aerospace,Industrials,Aerospace & Defense,2021-12-21
30.59,30.75,30.04,30.3,3817181,0.0,0.0,HWM,Howmet Aerospace,Industrials,Aerospace & Defense,2021-12-22
30.39,31.23,30.32,31.13,2557603,0.0,0.0,HWM,Howmet Aerospace,Industrials,Aerospace & Defense,2021-12-23
31.0,31.4,30.77,31.35,1125887,0.0,0.0,HWM,Howmet Aerospace,Industrials,Aerospace & Defense,2021-12-27
31.16,31.71,31.16,31.64,1293061,0.0,0.0,HWM,Howmet Aerospace,Industrials,Aerospace & Defense,2021-12-28
31.42,31.73,31.24,31.63,1225999,0.0,0.0,HWM,Howmet Aerospace,Industrials,Aerospace & Defense,2021-12-29
31.55,32.02,31.53,31.64,1127406,0.0,0.0,HWM,Howmet Aerospace,Industrials,Aerospace & Defense,2021-12-30
31.65,31.96,31.42,31.83,1270429,0.0,0.0,HWM,Howmet Aerospace,Industrials,Aerospace & Defense,2021-12-31
32.0,32.77,31.99,32.33,2015649,0.0,0.0,HWM,Howmet Aerospace,Industrials,Aerospace & Defense,2022-01-03
32.69,33.69,32.45,33.53,2892123,0.0,0.0,HWM,Howmet Aerospace,Industrials,Aerospace & Defense,2022-01-04
33.81,34.3,33.28,33.32,3357181,0.0,0.0,HWM,Howmet Aerospace,Industrials,Aerospace & Defense,2022-01-05
33.78,34.08,33.36,33.65,2997933,0.0,0.0,HWM,Howmet Aerospace,Industrials,Aerospace & Defense,2022-01-06
33.78,34.62,33.34,34.01,3594960,0.0,0.0,HWM,Howmet Aerospace,Industrials,Aerospace & Defense,2022-01-07
34.11,34.39,33.44,33.98,5001426,0.0,0.0,HWM,Howmet Aerospace,Industrials,Aerospace & Defense,2022-01-10
33.96,34.36,33.34,33.92,2696510,0.0,0.0,HWM,Howmet Aerospace,Industrials,Aerospace & Defense,2022-01-11
34.18,34.49,33.81,33.91,1861834,0.0,0.0,HWM,Howmet Aerospace,Industrials,Aerospace & Defense,2022-01-12
34.06,34.92,34.03,34.38,2598849,0.0,0.0,HWM,Howmet Aerospace,Industrials,Aerospace & Defense,2022-01-13
34.01,35.09,33.81,35.07,2453534,0.0,0.0,HWM,Howmet Aerospace,Industrials,Aerospace & Defense,2022-01-14
34.8,35.05,34.02,34.32,2414709,0.0,0.0,HWM,Howmet Aerospace,Industrials,Aerospace & Defense,2022-01-18
34.34,34.35,33.67,33.83,2097289,0.0,0.0,HWM,Howmet Aerospace,Industrials,Aerospace & Defense,2022-01-19
33.87,34.38,33.54,33.58,2650271,0.0,0.0,HWM,Howmet Aerospace,Industrials,Aerospace & Defense,2022-01-20
33.48,33.48,32.34,32.63,2816266,0.0,0.0,HWM,Howmet Aerospace,Industrials,Aerospace & Defense,2022-01-21
31.89,33.02,31.13,32.82,2627705,0.0,0.0,HWM,Howmet Aerospace,Industrials,Aerospace & Defense,2022-01-24
32.17,32.68,31.13,32.23,3943557,0.0,0.0,HWM,Howmet Aerospace,Industrials,Aerospace & Defense,2022-01-25
32.6,33.0,31.21,31.62,3066916,0.0,0.0,HWM,Howmet Aerospace,Industrials,Aerospace & Defense,2022-01-26
32.04,32.5,30.4,30.64,3769534,0.0,0.0,HWM,Howmet Aerospace,Industrials,Aerospace & Defense,2022-01-27
30.47,30.88,29.35,30.76,4743621,0.0,0.0,HWM,Howmet Aerospace,Industrials,Aerospace & Defense,2022-01-28
30.4,31.17,30.19,31.09,4605901,0.0,0.0,HWM,Howmet Aerospace,Industrials,Aerospace & Defense,2022-01-31
31.12,31.64,30.85,31.62,6089559,0.0,0.0,HWM,Howmet Aerospace,Industrials,Aerospace & Defense,2022-02-01
32.08,32.87,31.91,32.61,5159703,0.0,0.0,HWM,Howmet Aerospace,Industrials,Aerospace & Defense,2022-02-02
33.09,33.17,32.42,32.52,3291393,0.0,0.0,HWM,Howmet Aerospace,Industrials,Aerospace & Defense,2022-02-03
32.32,32.51,31.64,32.18,4698423,0.0,0.0,HWM,Howmet Aerospace,Industrials,Aerospace & Defense,2022-02-04
32.29,33.34,32.16,32.83,4857985,0.0,0.0,HWM,Howmet Aerospace,Industrials,Aerospace & Defense,2022-02-07
33.15,33.57,32.75,33.51,3374381,0.0,0.0,HWM,Howmet Aerospace,Industrials,Aerospace & Defense,2022-02-08
33.99,34.7,33.89,34.47,3098392,0.0,0.0,HWM,Howmet Aerospace,Industrials,Aerospace & Defense,2022-02-09
34.16,35.54,34.03,34.56,2426563,0.0,0.0,HWM,Howmet Aerospace,Industrials,Aerospace & Defense,2022-02-10
34.43,35.14,33.93,34.34,2930454,0.0,0.0,HWM,Howmet Aerospace,Industrials,Aerospace & Defense,2022-02-11
34.35,34.69,33.94,34.07,2353892,0.0,0.0,HWM,Howmet Aerospace,Industrials,Aerospace & Defense,2022-02-14
34.25,35.55,34.25,34.99,3309819,0.0,0.0,HWM,Howmet Aerospace,Industrials,Aerospace & Defense,2022-02-15
34.88,35.93,34.8,35.73,2681998,0.0,0.0,HWM,Howmet Aerospace,Industrials,Aerospace & Defense,2022-02-16
35.17,35.37,34.76,34.98,1920946,0.0,0.0,HWM,Howmet Aerospace,Industrials,Aerospace & Defense,2022-02-17
34.93,35.35,34.43,34.56,3063577,0.0,0.0,HWM,Howmet Aerospace,Industrials,Aerospace & Defense,2022-02-18
34.64,35.11,34.12,34.41,3305288,0.0,0.0,HWM,Howmet Aerospace,Industrials,Aerospace & Defense,2022-02-22
34.65,34.81,33.79,33.81,2743721,0.0,0.0,HWM,Howmet Aerospace,Industrials,Aerospace & Defense,2022-02-23
33.02,34.42,32.68,34.38,4188761,0.0,0.0,HWM,Howmet Aerospace,Industrials,Aerospace & Defense,2022-02-24
34.5,35.93,34.5,35.75,3492999,0.0,0.0,HWM,Howmet Aerospace,Industrials,Aerospace & Defense,2022-02-25
35.3,36.68,35.29,35.92,6708847,0.0,0.0,HWM,Howmet Aerospace,Industrials,Aerospace & Defense,2022-02-28
35.82,36.01,32.88,33.11,6908501,0.0,0.0,HWM,Howmet Aerospace,Industrials,Aerospace & Defense,2022-03-01
33.56,35.51,33.54,35.13,4966002,0.0,0.0,HWM,Howmet Aerospace,Industrials,Aerospace & Defense,2022-03-02
35.36,35.47,34.23,34.85,3488294,0.0,0.0,HWM,Howmet Aerospace,Industrials,Aerospace & Defense,2022-03-03
34.41,34.77,33.31,33.85,3417150,0.0,0.0,HWM,Howmet Aerospace,Industrials,Aerospace & Defense,2022-03-04
34.01,34.28,32.35,32.42,4347612,0.0,0.0,HWM,Howmet Aerospace,Industrials,Aerospace & Defense,2022-03-07
32.82,34.22,32.4,32.93,3188796,0.0,0.0,HWM,Howmet Aerospace,Industrials,Aerospace & Defense,2022-03-08
33.66,34.44,33.57,33.98,2609853,0.0,0.0,HWM,Howmet Aerospace,Industrials,Aerospace & Defense,2022-03-09
33.4,34.61,33.31,34.28,1873688,0.0,0.0,HWM,Howmet Aerospace,Industrials,Aerospace & Defense,2022-03-10
34.55,35.16,33.66,33.73,2563814,0.0,0.0,HWM,Howmet Aerospace,Industrials,Aerospace & Defense,2022-03-11
33.81,33.99,33.09,33.42,2330819,0.0,0.0,HWM,Howmet Aerospace,Industrials,Aerospace & Defense,2022-03-14
33.67,34.3,33.48,34.1,2826405,0.0,0.0,HWM,Howmet Aerospace,Industrials,Aerospace & Defense,2022-03-15
34.56,35.07,34.1,34.93,3011804,0.0,0.0,HWM,Howmet Aerospace,Industrials,Aerospace & Defense,2022-03-16
34.41,35.2,34.41,34.94,2161248,0.0,0.0,HWM,Howmet Aerospace,Industrials,Aerospace & Defense,2022-03-17
35.48,35.81,34.56,35.73,6526104,0.0,0.0,HWM,Howmet Aerospace,Industrials,Aerospace & Defense,2022-03-18
35.59,35.9,34.97,35.88,2398600,0.0,0.0,HWM,Howmet Aerospace,Industrials,Aerospace & Defense,2022-03-21
36.0,37.66,35.99,37.32,4712088,0.0,0.0,HWM,Howmet Aerospace,Industrials,Aerospace & Defense,2022-03-22
37.09,37.33,36.33,36.73,2184571,0.0,0.0,HWM,Howmet Aerospace,Industrials,Aerospace & Defense,2022-03-23
36.92,37.09,36.38,37.02,2370937,0.0,0.0,HWM,Howmet Aerospace,Industrials,Aerospace & Defense,2022-03-24
37.09,37.44,36.79,37.0,1231924,0.0,0.0,HWM,Howmet Aerospace,Industrials,Aerospace & Defense,2022-03-25
36.79,36.83,35.99,36.49,1686726,0.0,0.0,HWM,Howmet Aerospace,Industrials,Aerospace & Defense,2022-03-28
36.75,37.01,36.38,36.88,2106265,0.0,0.0,HWM,Howmet Aerospace,Industrials,Aerospace & Defense,2022-03-29
36.81,36.9,36.05,36.44,2309225,0.0,0.0,HWM,Howmet Aerospace,Industrials,Aerospace & Defense,2022-03-30
36.21,36.93,35.91,35.94,2318038,0.0,0.0,HWM,Howmet Aerospace,Industrials,Aerospace & Defense,2022-03-31
36.11,36.4,35.78,36.32,1676476,0.0,0.0,HWM,Howmet Aerospace,Industrials,Aerospace & Defense,2022-04-01
36.45,36.49,35.72,35.82,1757738,0.0,0.0,HWM,Howmet Aerospace,Industrials,Aerospace & Defense,2022-04-04
35.68,35.96,34.29,34.45,3241015,0.0,0.0,HWM,Howmet Aerospace,Industrials,Aerospace & Defense,2022-04-05
34.22,34.57,33.85,34.16,2353262,0.0,0.0,HWM,Howmet Aerospace,Industrials,Aerospace & Defense,2022-04-06
33.97,34.51,33.47,34.42,2184209,0.0,0.0,HWM,Howmet Aerospace,Industrials,Aerospace & Defense,2022-04-07
34.55,35.06,34.22,34.52,1908585,0.0,0.0,HWM,Howmet Aerospace,Industrials,Aerospace & Defense,2022-04-08
34.5,35.03,34.14,34.23,1617665,0.0,0.0,HWM,Howmet Aerospace,Industrials,Aerospace & Defense,2022-04-11
34.36,34.94,34.23,34.68,1832156,0.0,0.0,HWM,Howmet Aerospace,Industrials,Aerospace & Defense,2022-04-12
34.86,35.46,34.8,35.28,1812032,0.0,0.0,HWM,Howmet Aerospace,Industrials,Aerospace & Defense,2022-04-13
35.41,35.92,35.34,35.48,2242265,0.0,0.0,HWM,Howmet Aerospace,Industrials,Aerospace & Defense,2022-04-14
35.42,35.88,35.17,35.44,1728360,0.0,0.0,HWM,Howmet Aerospace,Industrials,Aerospace & Defense,2022-04-18
35.55,36.79,35.49,36.64,2149132,0.0,0.0,HWM,Howmet Aerospace,Industrials,Aerospace & Defense,2022-04-19
36.77,37.2,36.58,36.84,1713837,0.0,0.0,HWM,Howmet Aerospace,Industrials,Aerospace & Defense,2022-04-20
37.2,37.53,35.53,35.67,2232789,0.0,0.0,HWM,Howmet Aerospace,Industrials,Aerospace & Defense,2022-04-21
35.5,35.77,34.87,34.96,1802861,0.0,0.0,HWM,Howmet Aerospace,Industrials,Aerospace & Defense,2022-04-22
34.69,34.85,33.76,34.82,3184839,0.0,0.0,HWM,Howmet Aerospace,Industrials,Aerospace & Defense,2022-04-25
34.63,34.96,34.25,34.26,3203658,0.0,0.0,HWM,Howmet Aerospace,Industrials,Aerospace & Defense,2022-04-26
34.22,34.57,33.37,34.4,3115756,0.0,0.0,HWM,Howmet Aerospace,Industrials,Aerospace & Defense,2022-04-27
34.77,35.16,33.93,34.95,1892467,0.0,0.0,HWM,Howmet Aerospace,Industrials,Aerospace & Defense,2022-04-28
34.93,35.21,33.97,34.12,2090199,0.0,0.0,HWM,Howmet Aerospace,Industrials,Aerospace & Defense,2022-04-29
34.12,34.34,32.91,33.84,3492482,0.0,0.0,HWM,Howmet Aerospace,Industrials,Aerospace & Defense,2022-05-02
34.35,35.7,33.49,34.99,3962829,0.0,0.0,HWM,Howmet Aerospace,Industrials,Aerospace & Defense,2022-05-03
34.93,36.6,34.56,36.56,3614630,0.0,0.0,HWM,Howmet Aerospace,Industrials,Aerospace & Defense,2022-05-04
36.26,36.5,34.87,35.42,2463673,0.0,0.0,HWM,Howmet Aerospace,Industrials,Aerospace & Defense,2022-05-05
35.27,35.3,34.22,35.03,3061119,0.0,0.0,HWM,Howmet Aerospace,Industrials,Aerospace & Defense,2022-05-06
34.52,34.69,33.05,33.27,3675531,0.0,0.0,HWM,Howmet Aerospace,Industrials,Aerospace & Defense,2022-05-09
33.67,34.51,33.17,33.98,4580492,0.0,0.0,HWM,Howmet Aerospace,Industrials,Aerospace & Defense,2022-05-10
34.03,34.68,33.28,33.54,2327037,0.0,0.0,HWM,Howmet Aerospace,Industrials,Aerospace & Defense,2022-05-11
33.35,33.52,31.94,32.85,3072137,0.0,0.0,HWM,Howmet Aerospace,Industrials,Aerospace & Defense,2022-05-12
33.33,34.07,33.28,33.79,2323740,0.0,0.0,HWM,Howmet Aerospace,Industrials,Aerospace & Defense,2022-05-13
33.69,34.58,33.64,34.06,2083106,0.0,0.0,HWM,Howmet Aerospace,Industrials,Aerospace & Defense,2022-05-16
34.74,35.33,34.52,35.24,1828737,0.0,0.0,HWM,Howmet Aerospace,Industrials,Aerospace & Defense,2022-05-17
34.81,35.25,33.42,33.59,2277536,0.0,0.0,HWM,Howmet Aerospace,Industrials,Aerospace & Defense,2022-05-18
33.2,34.18,33.0,33.45,3319421,0.0,0.0,HWM,Howmet Aerospace,Industrials,Aerospace & Defense,2022-05-19
33.75,33.78,32.23,33.16,2852253,0.0,0.0,HWM,Howmet Aerospace,Industrials,Aerospace & Defense,2022-05-20
33.64,34.48,33.08,34.3,2246082,0.0,0.0,HWM,Howmet Aerospace,Industrials,Aerospace & Defense,2022-05-23
34.06,34.16,32.75,33.71,1509298,0.0,0.0,HWM,Howmet Aerospace,Industrials,Aerospace & Defense,2022-05-24
33.46,34.22,33.32,33.95,1636484,0.0,0.0,HWM,Howmet Aerospace,Industrials,Aerospace & Defense,2022-05-25
34.43,34.93,34.3,34.61,2090719,0.0,0.0,HWM,Howmet Aerospace,Industrials,Aerospace & Defense,2022-05-26
34.93,36.03,34.89,36.03,1874515,0.0,0.0,HWM,Howmet Aerospace,Industrials,Aerospace & Defense,2022-05-27
35.71,36.03,35.22,35.77,5121829,0.0,0.0,HWM,Howmet Aerospace,Industrials,Aerospace & Defense,2022-05-31
36.07,36.1,34.74,35.68,2435042,0.0,0.0,HWM,Howmet Aerospace,Industrials,Aerospace & Defense,2022-06-01
35.82,37.01,35.42,36.99,3513679,0.0,0.0,HWM,Howmet Aerospace,Industrials,Aerospace & Defense,2022-06-02
36.62,37.06,36.11,36.63,1900757,0.0,0.0,HWM,Howmet Aerospace,Industrials,Aerospace & Defense,2022-06-03
37.0,37.1,36.51,36.65,1818122,0.0,0.0,HWM,Howmet Aerospace,Industrials,Aerospace & Defense,2022-06-06
36.32,37.45,36.1,37.43,1656859,0.0,0.0,HWM,Howmet Aerospace,Industrials,Aerospace & Defense,2022-06-07
36.93,37.34,36.39,36.47,1963072,0.0,0.0,HWM,Howmet Aerospace,Industrials,Aerospace & Defense,2022-06-08
36.05,36.13,35.14,35.17,1922064,0.0,0.0,HWM,Howmet Aerospace,Industrials,Aerospace & Defense,2022-06-09
34.24,34.71,33.73,33.98,3181426,0.0,0.0,HWM,Howmet Aerospace,Industrials,Aerospace & Defense,2022-06-10
33.06,33.06,31.96,32.19,2575228,0.0,0.0,HWM,Howmet Aerospace,Industrials,Aerospace & Defense,2022-06-13
32.39,32.88,31.59,32.2,3513419,0.0,0.0,HWM,Howmet Aerospace,Industrials,Aerospace & Defense,2022-06-14
32.67,33.37,32.29,32.71,3476636,0.0,0.0,HWM,Howmet Aerospace,Industrials,Aerospace & Defense,2022-06-15
31.75,31.92,30.7,30.8,2989302,0.0,0.0,HWM,Howmet Aerospace,Industrials,Aerospace & Defense,2022-06-16
30.95,31.76,30.54,31.52,4905404,0.0,0.0,HWM,Howmet Aerospace,Industrials,Aerospace & Defense,2022-06-17
32.28,32.34,31.59,31.66,2409472,0.0,0.0,HWM,Howmet Aerospace,Industrials,Aerospace & Defense,2022-06-21
30.88,31.78,30.77,31.43,1754226,0.0,0.0,HWM,Howmet Aerospace,Industrials,Aerospace & Defense,2022-06-22
31.46,31.57,29.84,30.7,2668408,0.0,0.0,HWM,Howmet Aerospace,Industrials,Aerospace & Defense,2022-06-23
31.02,32.23,30.84,32.18,2736460,0.0,0.0,HWM,Howmet Aerospace,Industrials,Aerospace & Defense,2022-06-24
32.38,32.5,31.67,31.8,1890714,0.0,0.0,HWM,Howmet Aerospace,Industrials,Aerospace & Defense,2022-06-27
32.1,32.78,31.77,31.88,1728795,0.0,0.0,HWM,Howmet Aerospace,Industrials,Aerospace & Defense,2022-06-28
31.98,32.14,30.92,31.32,1431789,0.0,0.0,HWM,Howmet Aerospace,Industrials,Aerospace & Defense,2022-06-29
30.73,31.74,30.46,31.45,2869333,0.0,0.0,HWM,Howmet Aerospace,Industrials,Aerospace & Defense,2022-06-30
31.39,32.1,30.97,31.8,3909130,0.0,0.0,HWM,Howmet Aerospace,Industrials,Aerospace & Defense,2022-07-01
31.03,31.17,30.05,31.1,3444653,0.0,0.0,HWM,Howmet Aerospace,Industrials,Aerospace & Defense,2022-07-05
31.18,32.16,30.94,31.94,2540111,0.0,0.0,HWM,Howmet Aerospace,Industrials,Aerospace & Defense,2022-07-06
32.41,32.9,32.24,32.55,1812213,0.0,0.0,HWM,Howmet Aerospace,Industrials,Aerospace & Defense,2022-07-07
32.87,33.16,32.5,32.74,2562837,0.0,0.0,HWM,Howmet Aerospace,Industrials,Aerospace & Defense,2022-07-08
32.42,32.94,32.37,32.94,2641051,0.0,0.0,HWM,Howmet Aerospace,Industrials,Aerospace & Defense,2022-07-11
32.66,33.82,32.58,33.41,3367129,0.0,0.0,HWM,Howmet Aerospace,Industrials,Aerospace & Defense,2022-07-12
32.81,33.36,32.65,33.18,2849508,0.0,0.0,HWM,Howmet Aerospace,Industrials,Aerospace & Defense,2022-07-13
32.46,33.1,32.29,33.05,2398838,0.0,0.0,HWM,Howmet Aerospace,Industrials,Aerospace & Defense,2022-07-14
33.7,33.78,33.1,33.32,2074540,0.0,0.0,HWM,Howmet Aerospace,Industrials,Aerospace & Defense,2022-07-15
33.82,34.44,32.81,33.0,2877404,0.0,0.0,HWM,Howmet Aerospace,Industrials,Aerospace & Defense,2022-07-18
33.25,34.54,33.25,34.48,2814247,0.0,0.0,HWM,Howmet Aerospace,Industrials,Aerospace & Defense,2022-07-19
34.46,35.06,34.24,34.85,2191595,0.0,0.0,HWM,Howmet Aerospace,Industrials,Aerospace & Defense,2022-07-20
34.48,34.84,34.32,34.75,2456872,0.0,0.0,HWM,Howmet Aerospace,Industrials,Aerospace & Defense,2022-07-21
34.8,35.04,34.08,34.36,1845106,0.0,0.0,HWM,Howmet Aerospace,Industrials,Aerospace & Defense,2022-07-22
34.51,34.99,34.35,34.83,2449996,0.0,0.0,HWM,Howmet Aerospace,Industrials,Aerospace & Defense,2022-07-25
34.8,35.11,34.51,34.83,3012386,0.0,0.0,HWM,Howmet Aerospace,Industrials,Aerospace & Defense,2022-07-26
35.44,35.93,34.73,35.17,3038290,0.0,0.0,HWM,Howmet Aerospace,Industrials,Aerospace & Defense,2022-07-27
35.34,36.08,35.06,36.04,2431504,0.0,0.0,HWM,Howmet Aerospace,Industrials,Aerospace & Defense,2022-07-28
36.18,37.15,35.87,37.13,4008048,0.0,0.0,HWM,Howmet Aerospace,Industrials,Aerospace & Defense,2022-07-29
36.96,37.64,36.85,37.35,5958101,0.0,0.0,HWM,Howmet Aerospace,Industrials,Aerospace & Defense,2022-08-01
37.22,37.69,36.93,37.2,3503594,0.0,0.0,HWM,Howmet Aerospace,Industrials,Aerospace & Defense,2022-08-02
37.48,37.48,36.88,37.23,5317845,0.0,0.0,HWM,Howmet Aerospace,Industrials,Aerospace & Defense,2022-08-03
36.76,38.07,36.65,37.11,3053755,0.0,0.0,HWM,Howmet Aerospace,Industrials,Aerospace & Defense,2022-08-04
36.7,37.17,36.28,37.06,1792470,0.0,0.0,HWM,Howmet Aerospace,Industrials,Aerospace & Defense,2022-08-05
37.38,37.8,37.19,37.56,5912826,0.0,0.0,HWM,Howmet Aerospace,Industrials,Aerospace & Defense,2022-08-08
37.57,37.73,37.17,37.44,3156981,0.0,0.0,HWM,Howmet Aerospace,Industrials,Aerospace & Defense,2022-08-09
38.0,38.35,37.83,37.91,4123001,0.0,0.0,HWM,Howmet Aerospace,Industrials,Aerospace & Defense,2022-08-10
38.24,38.62,38.05,38.23,3013934,0.0,0.0,HWM,Howmet Aerospace,Industrials,Aerospace & Defense,2022-08-11
38.45,38.66,38.18,38.55,4392476,0.0,0.0,HWM,Howmet Aerospace,Industrials,Aerospace & Defense,2022-08-12
38.26,38.99,38.18,38.72,3293363,0.0,0.0,HWM,Howmet Aerospace,Industrials,Aerospace & Defense,2022-08-15
38.75,38.96,38.62,38.73,2658642,0.0,0.0,HWM,Howmet Aerospace,Industrials,Aerospace & Defense,2022-08-16
38.17,38.5,37.94,38.45,3410253,0.0,0.0,HWM,Howmet Aerospace,Industrials,Aerospace & Defense,2022-08-17
38.42,38.83,38.29,38.44,2449394,0.0,0.0,HWM,Howmet Aerospace,Industrials,Aerospace & Defense,2022-08-18
38.23,38.32,37.41,37.6,1992897,0.0,0.0,HWM,Howmet Aerospace,Industrials,Aerospace & Defense,2022-08-19
36.85,37.14,36.45,36.48,1870064,0.0,0.0,HWM,Howmet Aerospace,Industrials,Aerospace & Defense,2022-08-22
36.65,37.14,36.51,36.68,2563312,0.0,0.0,HWM,Howmet Aerospace,Industrials,Aerospace & Defense,2022-08-23
36.77,37.21,36.7,37.03,1636069,0.0,0.0,HWM,Howmet Aerospace,Industrials,Aerospace & Defense,2022-08-24
37.26,37.82,37.11,37.78,1736171,0.0,0.0,HWM,Howmet Aerospace,Industrials,Aerospace & Defense,2022-08-25
37.99,37.99,36.66,36.66,1398640,0.0,0.0,HWM,Howmet Aerospace,Industrials,Aerospace & Defense,2022-08-26
36.43,36.98,36.18,36.6,1751698,0.0,0.0,HWM,Howmet Aerospace,Industrials,Aerospace & Defense,2022-08-29
36.66,36.81,35.41,35.87,2335742,0.0,0.0,HWM,Howmet Aerospace,Industrials,Aerospace & Defense,2022-08-30
35.93,36.1,35.4,35.43,2433059,0.0,0.0,HWM,Howmet Aerospace,Industrials,Aerospace & Defense,2022-08-31
35.08,35.25,34.46,35.05,2884098,0.0,0.0,HWM,Howmet Aerospace,Industrials,Aerospace & Defense,2022-09-01
35.54,35.89,34.91,35.02,1866174,0.0,0.0,HWM,Howmet Aerospace,Industrials,Aerospace & Defense,2022-09-02
35.18,35.39,34.55,34.73,2037021,0.0,0.0,HWM,Howmet Aerospace,Industrials,Aerospace & Defense,2022-09-06
34.62,35.47,34.46,35.36,3059161,0.0,0.0,HWM,Howmet Aerospace,Industrials,Aerospace & Defense,2022-09-07
35.17,35.9,34.83,35.85,2117379,0.0,0.0,HWM,Howmet Aerospace,Industrials,Aerospace & Defense,2022-09-08
36.15,36.49,35.87,36.41,2290583,0.0,0.0,HWM,Howmet Aerospace,Industrials,Aerospace & Defense,2022-09-09
36.63,37.07,36.34,37.02,3904501,0.0,0.0,HWM,Howmet Aerospace,Industrials,Aerospace & Defense,2022-09-12
36.17,36.37,35.02,35.2,2271476,0.0,0.0,HWM,Howmet Aerospace,Industrials,Aerospace & Defense,2022-09-13
35.3,35.72,34.24,35.32,3310514,0.0,0.0,HWM,Howmet Aerospace,Industrials,Aerospace & Defense,2022-09-14
34.9,35.28,34.16,34.29,2992494,0.0,0.0,HWM,Howmet Aerospace,Industrials,Aerospace & Defense,2022-09-15
33.71,33.83,32.98,33.61,5014528,0.0,0.0,HWM,Howmet Aerospace,Industrials,Aerospace & Defense,2022-09-16
33.41,34.52,33.4,34.22,2523104,0.0,0.0,HWM,Howmet Aerospace,Industrials,Aerospace & Defense,2022-09-19
34.01,34.49,33.73,34.28,2752646,0.0,0.0,HWM,Howmet Aerospace,Industrials,Aerospace & Defense,2022-09-20
34.78,34.86,33.43,33.43,2789311,0.0,0.0,HWM,Howmet Aerospace,Industrials,Aerospace & Defense,2022-09-21
33.57,33.59,32.54,32.79,2482862,0.0,0.0,HWM,Howmet Aerospace,Industrials,Aerospace & Defense,2022-09-22
32.25,32.36,31.41,31.83,2890218,0.0,0.0,HWM,Howmet Aerospace,Industrials,Aerospace & Defense,2022-09-23
31.66,31.89,30.94,31.04,2466168,0.0,0.0,HWM,Howmet Aerospace,Industrials,Aerospace & Defense,2022-09-26
31.5,31.69,30.69,31.1,2407408,0.0,0.0,HWM,Howmet Aerospace,Industrials,Aerospace & Defense,2022-09-27
31.33,32.05,31.05,31.85,2062382,0.0,0.0,HWM,Howmet Aerospace,Industrials,Aerospace & Defense,2022-09-28
31.47,31.52,30.6,30.94,2609891,0.0,0.0,HWM,Howmet Aerospace,Industrials,Aerospace & Defense,2022-09-29
30.78,31.66,30.65,30.93,4017388,0.0,0.0,HWM,Howmet Aerospace,Industrials,Aerospace & Defense,2022-09-30
31.44,32.28,31.18,32.09,2266662,0.0,0.0,HWM,Howmet Aerospace,Industrials,Aerospace & Defense,2022-10-03
32.7,33.57,32.7,33.51,2083393,0.0,0.0,HWM,Howmet Aerospace,Industrials,Aerospace & Defense,2022-10-04
32.98,33.72,32.82,33.33,2426078,0.0,0.0,HWM,Howmet Aerospace,Industrials,Aerospace & Defense,2022-10-05
33.06,33.66,32.88,33.2,1778741,0.0,0.0,HWM,Howmet Aerospace,Industrials,Aerospace & Defense,2022-10-06
32.93,33.01,32.26,32.54,2232073,0.0,0.0,HWM,Howmet Aerospace,Industrials,Aerospace & Defense,2022-10-07
32.96,33.53,32.62,32.94,2883089,0.0,0.0,HWM,Howmet Aerospace,Industrials,Aerospace & Defense,2022-10-10
32.87,33.49,32.51,33.0,2395415,0.0,0.0,HWM,Howmet Aerospace,Industrials,Aerospace & Defense,2022-10-11
32.72,32.85,31.7,32.11,3847573,0.0,0.0,HWM,Howmet Aerospace,Industrials,Aerospace & Defense,2022-10-12
31.58,33.08,31.3,32.89,2607113,0.0,0.0,HWM,Howmet Aerospace,Industrials,Aerospace & Defense,2022-10-13
33.2,33.33,32.13,32.29,1818967,0.0,0.0,HWM,Howmet Aerospace,Industrials,Aerospace & Defense,2022-10-14
33.0,33.39,32.65,32.93,3282574,0.0,0.0,HWM,Howmet Aerospace,Industrials,Aerospace & Defense,2022-10-17
33.73,33.91,33.31,33.61,2343693,0.0,0.0,HWM,Howmet Aerospace,Industrials,Aerospace & Defense,2022-10-18
33.46,34.34,33.36,34.24,4675420,0.0,0.0,HWM,Howmet Aerospace,Industrials,Aerospace & Defense,2022-10-19
34.3,34.96,33.99,34.02,5165290,0.0,0.0,HWM,Howmet Aerospace,Industrials,Aerospace & Defense,2022-10-20
34.0,35.42,33.99,35.37,3365873,0.0,0.0,HWM,Howmet Aerospace,Industrials,Aerospace & Defense,2022-10-21
35.65,35.89,35.0,35.4,4108872,0.0,0.0,HWM,Howmet Aerospace,Industrials,Aerospace & Defense,2022-10-24
35.25,35.67,34.88,35.57,3021638,0.0,0.0,HWM,Howmet Aerospace,Industrials,Aerospace & Defense,2022-10-25
35.87,36.05,34.62,34.71,4502935,0.0,0.0,HWM,Howmet Aerospace,Industrials,Aerospace & Defense,2022-10-26
35.08,35.71,35.02,35.09,2976231,0.0,0.0,HWM,Howmet Aerospace,Industrials,Aerospace & Defense,2022-10-27
35.24,36.18,35.02,36.17,7638680,0.0,0.0,HWM,Howmet Aerospace,Industrials,Aerospace & Defense,2022-10-28
34.7,35.6,34.18,35.55,6714197,0.0,0.0,HWM,Howmet Aerospace,Industrials,Aerospace & Defense,2022-10-31
35.94,36.52,35.6,36.49,4343372,0.0,0.0,HWM,Howmet Aerospace,Industrials,Aerospace & Defense,2022-11-01
36.41,36.81,35.3,35.34,4384131,0.0,0.0,HWM,Howmet Aerospace,Industrials,Aerospace & Defense,2022-11-02
34.95,35.91,34.7,35.23,2788080,0.0,0.0,HWM,Howmet Aerospace,Industrials,Aerospace & Defense,2022-11-03
35.6,36.54,35.41,36.04,5309441,0.0,0.0,HWM,Howmet Aerospace,Industrials,Aerospace & Defense,2022-11-04
36.3,36.64,36.16,36.61,2440934,0.0,0.0,HWM,Howmet Aerospace,Industrials,Aerospace & Defense,2022-11-07
36.83,37.31,36.45,36.84,2574466,0.0,0.0,HWM,Howmet Aerospace,Industrials,Aerospace & Defense,2022-11-08
36.57,37.32,36.3,36.34,3608707,0.0,0.0,HWM,Howmet Aerospace,Industrials,Aerospace & Defense,2022-11-09
37.21,38.39,37.13,38.3,4263830,0.0,0.0,HWM,Howmet Aerospace,Industrials,Aerospace & Defense,2022-11-10
38.43,39.24,37.38,37.43,3631918,0.0,0.0,HWM,Howmet Aerospace,Industrials,Aerospace & Defense,2022-11-11
37.19,37.61,36.64,36.65,2971884,0.0,0.0,HWM,Howmet Aerospace,Industrials,Aerospace & Defense,2022-11-14
37.12,37.26,36.48,36.55,4320203,0.0,0.0,HWM,Howmet Aerospace,Industrials,Aerospace & Defense,2022-11-15
36.39,37.04,36.22,36.84,4513500,0.0,0.0,HWM,Howmet Aerospace,Industrials,Aerospace & Defense,2022-11-16
36.2,36.51,34.8,36.47,2295714,0.0,0.0,HWM,Howmet Aerospace,Industrials,Aerospace & Defense,2022-11-17
37.05,37.24,36.74,37.1,2542930,0.0,0.0,HWM,Howmet Aerospace,Industrials,Aerospace & Defense,2022-11-18
37.0,37.3,36.66,37.27,1865602,0.0,0.0,HWM,Howmet Aerospace,Industrials,Aerospace & Defense,2022-11-21
37.63,38.31,37.51,38.23,2621261,0.0,0.0,HWM,Howmet Aerospace,Industrials,Aerospace & Defense,2022-11-22
38.33,38.45,37.77,38.02,1479414,0.0,0.0,HWM,Howmet Aerospace,Industrials,Aerospace & Defense,2022-11-23
38.07,38.25,37.88,38.04,713942,0.0,0.0,HWM,Howmet Aerospace,Industrials,Aerospace & Defense,2022-11-25
37.61,37.69,36.82,37.03,1957276,0.0,0.0,HWM,Howmet Aerospace,Industrials,Aerospace & Defense,2022-11-28
37.15,37.35,36.96,37.22,1344056,0.0,0.0,HWM,Howmet Aerospace,Industrials,Aerospace & Defense,2022-11-29
37.23,37.74,36.83,37.67,4229146,0.0,0.0,HWM,Howmet Aerospace,Industrials,Aerospace & Defense,2022-11-30
37.87,38.49,37.51,38.41,2629724,0.0,0.0,HWM,Howmet Aerospace,Industrials,Aerospace & Defense,2022-12-01
37.86,39.15,37.82,39.08,3722143,0.0,0.0,HWM,Howmet Aerospace,Industrials,Aerospace & Defense,2022-12-02
38.83,39.25,38.32,38.54,2296950,0.0,0.0,HWM,Howmet Aerospace,Industrials,Aerospace & Defense,2022-12-05
38.78,39.05,37.62,37.87,2116975,0.0,0.0,HWM,Howmet Aerospace,Industrials,Aerospace & Defense,2022-12-06
37.77,38.34,37.74,37.87,1266303,0.0,0.0,HWM,Howmet Aerospace,Industrials,Aerospace & Defense,2022-12-07
38.27,38.38,37.52,37.64,1344810,0.0,0.0,HWM,Howmet Aerospace,Industrials,Aerospace & Defense,2022-12-08
37.64,38.16,37.48,38.0,3043254,0.0,0.0,HWM,Howmet Aerospace,Industrials,Aerospace & Defense,2022-12-09
38.33,38.88,37.92,38.88,2956396,0.0,0.0,HWM,Howmet Aerospace,Industrials,Aerospace & Defense,2022-12-12
39.61,39.78,38.9,39.21,3236292,0.0,0.0,HWM,Howmet Aerospace,Industrials,Aerospace & Defense,2022-12-13
39.26,39.44,38.76,39.0,3362860,0.0,0.0,HWM,Howmet Aerospace,Industrials,Aerospace & Defense,2022-12-14
38.38,38.51,37.82,37.93,2437588,0.0,0.0,HWM,Howmet Aerospace,Industrials,Aerospace & Defense,2022-12-15
37.67,38.29,37.25,38.13,4267606,0.0,0.0,HWM,Howmet Aerospace,Industrials,Aerospace & Defense,2022-12-16
38.13,38.37,37.26,37.58,1875599,0.0,0.0,HWM,Howmet Aerospace,Industrials,Aerospace & Defense,2022-12-19
37.61,38.54,37.61,38.28,2648116,0.0,0.0,HWM,Howmet Aerospace,Industrials,Aerospace & Defense,2022-12-20
38.77,39.31,38.6,39.05,3264103,0.0,0.0,HWM,Howmet Aerospace,Industrials,Aerospace & Defense,2022-12-21
38.67,38.82,37.96,38.54,2499381,0.0,0.0,HWM,Howmet Aerospace,Industrials,Aerospace & Defense,2022-12-22
38.42,39.12,38.42,39.06,2059612,0.0,0.0,HWM,Howmet Aerospace,Industrials,Aerospace & Defense,2022-12-23
39.25,39.69,39.12,39.4,2134079,0.0,0.0,HWM,Howmet Aerospace,Industrials,Aerospace & Defense,2022-12-27
39.35,39.6,38.72,38.72,2265962,0.0,0.0,HWM,Howmet Aerospace,Industrials,Aerospace & Defense,2022-12-28
38.91,39.49,38.85,39.39,2210279,0.0,0.0,HWM,Howmet Aerospace,Industrials,Aerospace & Defense,2022-12-29
39.17,39.48,38.99,39.41,1572342,0.0,0.0,HWM,Howmet Aerospace,Industrials,Aerospace & Defense,2022-12-30
39.4,39.61,38.84,39.06,2088558,0.0,0.0,HWM,Howmet Aerospace,Industrials,Aerospace & Defense,2023-01-03
39.11,39.73,39.08,39.55,2553255,0.0,0.0,HWM,Howmet Aerospace,Industrials,Aerospace & Defense,2023-01-04
39.37,39.55,39.08,39.32,1523913,0.0,0.0,HWM,Howmet Aerospace,Industrials,Aerospace & Defense,2023-01-05
39.75,40.61,39.7,40.46,2511469,0.0,0.0,HWM,Howmet Aerospace,Industrials,Aerospace & Defense,2023-01-06
40.73,40.99,40.0,40.08,1943617,0.0,0.0,HWM,Howmet Aerospace,Industrials,Aerospace & Defense,2023-01-09
39.86,40.56,39.65,40.55,1615316,0.0,0.0,HWM,Howmet Aerospace,Industrials,Aerospace & Defense,2023-01-10
40.72,40.97,40.3,40.39,2372948,0.0,0.0,HWM,Howmet Aerospace,Industrials,Aerospace & Defense,2023-01-11
40.5,41.02,40.39,40.67,2736316,0.0,0.0,HWM,Howmet Aerospace,Industrials,Aerospace & Defense,2023-01-12
40.19,40.84,39.93,40.75,1518817,0.0,0.0,HWM,Howmet Aerospace,Industrials,Aerospace & Defense,2023-01-13
40.69,40.98,40.38,40.61,1900296,0.0,0.0,HWM,Howmet Aerospace,Industrials,Aerospace & Defense,2023-01-17
40.91,40.91,39.49,39.53,2708287,0.0,0.0,HWM,Howmet Aerospace,Industrials,Aerospace & Defense,2023-01-18
39.22,39.32,38.4,38.43,2456282,0.0,0.0,HWM,Howmet Aerospace,Industrials,Aerospace & Defense,2023-01-19
38.63,38.76,38.3,38.7,1698039,0.0,0.0,HWM,Howmet Aerospace,Industrials,Aerospace & Defense,2023-01-20
38.81,39.5,38.7,39.43,2483536,0.0,0.0,HWM,Howmet Aerospace,Industrials,Aerospace & Defense,2023-01-23
39.39,39.76,38.84,39.41,2589532,0.0,0.0,HWM,Howmet Aerospace,Industrials,Aerospace & Defense,2023-01-24
38.97,39.67,38.73,39.61,1781330,0.0,0.0,HWM,Howmet Aerospace,Industrials,Aerospace & Defense,2023-01-25
39.92,40.84,39.48,40.82,2243793,0.0,0.0,HWM,Howmet Aerospace,Industrials,Aerospace & Defense,2023-01-26
40.72,41.1,40.29,40.4,1720701,0.0,0.0,HWM,Howmet Aerospace,Industrials,Aerospace & Defense,2023-01-27
40.08,40.56,40.03,40.19,1487047,0.0,0.0,HWM,Howmet Aerospace,Industrials,Aerospace & Defense,2023-01-30
40.22,40.7,39.85,40.69,1823392,0.0,0.0,HWM,Howmet Aerospace,Industrials,Aerospace & Defense,2023-01-31
40.47,40.77,39.94,40.59,2352309,0.0,0.0,HWM,Howmet Aerospace,Industrials,Aerospace & Defense,2023-02-01
40.62,40.72,39.86,40.23,2309287,0.0,0.0,HWM,Howmet Aerospace,Industrials,Aerospace & Defense,2023-02-02
40.1,40.5,39.66,39.86,2086589,0.0,0.0,HWM,Howmet Aerospace,Industrials,Aerospace & Defense,2023-02-03
39.71,39.97,39.48,39.96,1744556,0.0,0.0,HWM,Howmet Aerospace,Industrials,Aerospace & Defense,2023-02-06
39.91,40.98,39.8,40.86,2267030,0.0,0.0,HWM,Howmet Aerospace,Industrials,Aerospace & Defense,2023-02-07
40.57,40.95,40.57,40.84,1979330,0.0,0.0,HWM,Howmet Aerospace,Industrials,Aerospace & Defense,2023-02-08
41.07,41.42,40.45,40.45,2302113,0.0,0.0,HWM,Howmet Aerospace,Industrials,Aerospace & Defense,2023-02-09
40.41,40.58,39.99,40.52,2981873,0.0,0.0,HWM,Howmet Aerospace,Industrials,Aerospace & Defense,2023-02-10
40.62,41.33,40.62,41.08,4347918,0.0,0.0,HWM,Howmet Aerospace,Industrials,Aerospace & Defense,2023-02-13
40.3,43.2,39.28,43.02,5376038,0.0,0.0,HWM,Howmet Aerospace,Industrials,Aerospace & Defense,2023-02-14
42.5,43.43,42.32,43.41,3131994,0.0,0.0,HWM,Howmet Aerospace,Industrials,Aerospace & Defense,2023-02-15
42.97,43.83,42.84,42.95,2836630,0.0,0.0,HWM,Howmet Aerospace,Industrials,Aerospace & Defense,2023-02-16
42.93,43.16,42.64,43.02,2012453,0.0,0.0,HWM,Howmet Aerospace,Industrials,Aerospace & Defense,2023-02-17
43.02,43.11,41.99,42.09,2345103,0.0,0.0,HWM,Howmet Aerospace,Industrials,Aerospace & Defense,2023-02-21
41.91,42.69,41.84,41.99,2293452,0.0,0.0,HWM,Howmet Aerospace,Industrials,Aerospace & Defense,2023-02-22
42.24,42.67,41.75,42.03,4853477,0.0,0.0,HWM,Howmet Aerospace,Industrials,Aerospace & Defense,2023-02-23
41.58,42.06,41.26,41.96,2847693,0.0,0.0,HWM,Howmet Aerospace,Industrials,Aerospace & Defense,2023-02-24
42.31,42.49,42.02,42.32,1995439,0.0,0.0,HWM,Howmet Aerospace,Industrials,Aerospace & Defense,2023-02-27
42.25,44.37,41.9,42.18,4889397,0.0,0.0,HWM,Howmet Aerospace,Industrials,Aerospace & Defense,2023-02-28
42.19,42.89,41.94,42.8,3331820,0.0,0.0,HWM,Howmet Aerospace,Industrials,Aerospace & Defense,2023-03-01
42.58,43.41,42.24,43.35,3253285,0.0,0.0,HWM,Howmet Aerospace,Industrials,Aerospace & Defense,2023-03-02
43.63,43.9,43.05,43.75,3189039,0.0,0.0,HWM,Howmet Aerospace,Industrials,Aerospace & Defense,2023-03-03
43.78,44.18,43.44,43.76,3575617,0.0,0.0,HWM,Howmet Aerospace,Industrials,Aerospace & Defense,2023-03-06
43.76,43.91,43.34,43.35,4328393,0.0,0.0,HWM,Howmet Aerospace,Industrials,Aerospace & Defense,2023-03-07
43.43,43.74,43.11,43.73,3865637,0.0,0.0,HWM,Howmet Aerospace,Industrials,Aerospace & Defense,2023-03-08
43.98,43.98,41.88,42.06,5598178,0.0,0.0,HWM,Howmet Aerospace,Industrials,Aerospace & Defense,2023-03-09
41.96,42.0,40.31,40.84,4154052,0.0,0.0,HWM,Howmet Aerospace,Industrials,Aerospace & Defense,2023-03-10
40.27,40.62,39.61,40.03,4438213,0.0,0.0,HWM,Howmet Aerospace,Industrials,Aerospace & Defense,2023-03-13
40.8,41.27,40.29,40.78,3872262,0.0,0.0,HWM,Howmet Aerospace,Industrials,Aerospace & Defense,2023-03-14
39.77,39.9,38.17,39.38,5743332,0.0,0.0,HWM,Howmet Aerospace,Industrials,Aerospace & Defense,2023-03-15
39.01,40.62,38.83,40.45,5196389,0.0,0.0,HWM,Howmet Aerospace,Industrials,Aerospace & Defense,2023-03-16
40.2,40.4,38.97,39.21,7541331,0.0,0.0,HWM,Howmet Aerospace,Industrials,Aerospace & Defense,2023-03-17
39.25,40.01,39.25,39.48,5920066,0.0,0.0,HWM,Howmet Aerospace,Industrials,Aerospace & Defense,2023-03-20
40.37,41.12,40.16,40.55,5558369,0.0,0.0,HWM,Howmet Aerospace,Industrials,Aerospace & Defense,2023-03-21
40.62,41.33,40.48,40.51,4330978,0.0,0.0,HWM,Howmet Aerospace,Industrials,Aerospace & Defense,2023-03-22
40.37,41.0,39.91,40.19,3417160,0.0,0.0,HWM,Howmet Aerospace,Industrials,Aerospace & Defense,2023-03-23
39.76,40.37,39.24,40.25,2387353,0.0,0.0,HWM,Howmet Aerospace,Industrials,Aerospace & Defense,2023-03-24
40.77,40.98,40.47,40.76,1963017,0.0,0.0,HWM,Howmet Aerospace,Industrials,Aerospace & Defense,2023-03-27
40.73,41.2,40.68,41.12,2825757,0.0,0.0,HWM,Howmet Aerospace,Industrials,Aerospace & Defense,2023-03-28
41.64,41.85,41.3,41.81,1851086,0.0,0.0,HWM,Howmet Aerospace,Industrials,Aerospace & Defense,2023-03-29
42.02,42.07,41.6,41.94,2144062,0.0,0.0,HWM,Howmet Aerospace,Industrials,Aerospace & Defense,2023-03-30
42.9,42.9,41.98,42.37,2712341,0.0,0.0,HWM,Howmet Aerospace,Industrials,Aerospace & Defense,2023-03-31
42.26,43.04,42.26,42.97,2904683,0.0,0.0,HWM,Howmet Aerospace,Industrials,Aerospace & Defense,2023-04-03
42.8,42.91,41.64,42.12,2611077,0.0,0.0,HWM,Howmet Aerospace,Industrials,Aerospace & Defense,2023-04-04
41.98,42.23,41.68,42.11,5486010,0.0,0.0,HWM,Howmet Aerospace,Industrials,Aerospace & Defense,2023-04-05
41.94,42.2,41.52,41.55,2736751,0.0,0.0,HWM,Howmet Aerospace,Industrials,Aerospace & Defense,2023-04-06
41.4,42.14,41.4,42.12,2641377,0.0,0.0,HWM,Howmet Aerospace,Industrials,Aerospace & Defense,2023-04-10
42.38,43.01,42.27,42.66,3548015,0.0,0.0,HWM,Howmet Aerospace,Industrials,Aerospace & Defense,2023-04-11
42.93,43.67,42.93,43.41,3075098,0.0,0.0,HWM,Howmet Aerospace,Industrials,Aerospace & Defense,2023-04-12
43.38,43.71,43.08,43.52,2258548,0.0,0.0,HWM,Howmet Aerospace,Industrials,Aerospace & Defense,2023-04-13
42.54,42.75,42.12,42.54,3880799,0.0,0.0,HWM,Howmet Aerospace,Industrials,Aerospace & Defense,2023-04-14
42.99,42.99,42.49,42.87,2138402,0.0,0.0,HWM,Howmet Aerospace,Industrials,Aerospace & Defense,2023-04-17
42.97,43.53,42.63,43.36,3079404,0.0,0.0,HWM,Howmet Aerospace,Industrials,Aerospace & Defense,2023-04-18
43.29,43.49,42.88,43.28,1802288,0.0,0.0,HWM,Howmet Aerospace,Industrials,Aerospace & Defense,2023-04-19
43.12,43.52,42.97,43.2,1898730,0.0,0.0,HWM,Howmet Aerospace,Industrials,Aerospace & Defense,2023-04-20
43.31,43.32,42.62,42.93,1666682,0.0,0.0,HWM,Howmet Aerospace,Industrials,Aerospace & Defense,2023-04-21
43.0,43.28,42.82,43.27,3138120,0.0,0.0,HWM,Howmet Aerospace,Industrials,Aerospace & Defense,2023-04-24
43.09,43.54,42.72,42.99,2392279,0.0,0.0,HWM,Howmet Aerospace,Industrials,Aerospace & Defense,2023-04-25
43.05,43.16,42.23,42.41,2428827,0.0,0.0,HWM,Howmet Aerospace,Industrials,Aerospace & Defense,2023-04-26
42.68,43.75,42.47,43.73,2663120,0.0,0.0,HWM,Howmet Aerospace,Industrials,Aerospace & Defense,2023-04-27
43.52,44.32,43.45,44.29,3270341,0.0,0.0,HWM,Howmet Aerospace,Industrials,Aerospace & Defense,2023-04-28
44.29,45.31,44.25,44.3,4126272,0.0,0.0,HWM,Howmet Aerospace,Industrials,Aerospace & Defense,2023-05-01
45.35,45.7,43.74,44.96,4539837,0.0,0.0,HWM,Howmet Aerospace,Industrials,Aerospace & Defense,2023-05-02
45.0,45.32,44.5,44.7,3174553,0.0,0.0,HWM,Howmet Aerospace,Industrials,Aerospace & Defense,2023-05-03
44.6,44.66,42.94,43.27,2951952,0.0,0.0,HWM,Howmet Aerospace,Industrials,Aerospace & Defense,2023-05-04
43.71,44.1,43.46,44.0,3155361,0.0,0.0,HWM,Howmet Aerospace,Industrials,Aerospace & Defense,2023-05-05
44.26,44.5,43.58,43.81,2162167,0.0,0.0,HWM,Howmet Aerospace,Industrials,Aerospace & Defense,2023-05-08
44.12,44.78,43.97,44.76,5901035,0.0,0.0,HWM,Howmet Aerospace,Industrials,Aerospace & Defense,2023-05-09
45.0,45.22,44.06,44.26,3308586,0.0,0.0,HWM,Howmet Aerospace,Industrials,Aerospace & Defense,2023-05-10
43.88,44.06,43.41,43.96,1681685,0.0,0.0,HWM,Howmet Aerospace,Industrials,Aerospace & Defense,2023-05-11
44.24,44.59,43.68,43.96,1834588,0.0,0.0,HWM,Howmet Aerospace,Industrials,Aerospace & Defense,2023-05-12
44.18,44.64,43.9,44.53,1724881,0.0,0.0,HWM,Howmet Aerospace,Industrials,Aerospace & Defense,2023-05-15
44.32,44.46,44.04,44.24,1987393,0.0,0.0,HWM,Howmet Aerospace,Industrials,Aerospace & Defense,2023-05-16
44.94,45.01,44.38,44.67,1777557,0.0,0.0,HWM,Howmet Aerospace,Industrials,Aerospace & Defense,2023-05-17
44.51,45.21,44.24,45.18,1596394,0.0,0.0,HWM,Howmet Aerospace,Industrials,Aerospace & Defense,2023-05-18
45.45,45.59,44.6,44.96,1744055,0.0,0.0,HWM,Howmet Aerospace,Industrials,Aerospace & Defense,2023-05-19
44.84,45.14,44.72,44.82,1946242,0.0,0.0,HWM,Howmet Aerospace,Industrials,Aerospace & Defense,2023-05-22
44.43,44.67,43.76,43.77,2162287,0.0,0.0,HWM,Howmet Aerospace,Industrials,Aerospace & Defense,2023-05-23
43.51,43.55,43.01,43.24,1641168,0.0,0.0,HWM,Howmet Aerospace,Industrials,Aerospace & Defense,2023-05-24
43.24,43.54,42.9,43.26,2388554,0.0,0.0,HWM,Howmet Aerospace,Industrials,Aerospace & Defense,2023-05-25
43.27,43.72,43.26,43.5,2731815,0.0,0.0,HWM,Howmet Aerospace,Industrials,Aerospace & Defense,2023-05-26
43.5,43.67,42.88,43.26,38671,0.0,0.0,HWM,Howmet Aerospace,Industrials,Aerospace & Defense,2023-05-30
43.33,43.39,42.18,42.75,7281829,0.0,0.0,HWM,Howmet Aerospace,Industrials,Aerospace & Defense,2023-05-31
43.14,44.04,42.71,43.73,3480602,0.0,0.0,HWM,Howmet Aerospace,Industrials,Aerospace & Defense,2023-06-01
44.18,45.27,44.08,45.13,4483060,0.0,0.0,HWM,Howmet Aerospace,Industrials,Aerospace & Defense,2023-06-02
45.45,45.45,44.29,44.8,2489733,0.0,0.0,HWM,Howmet Aerospace,Industrials,Aerospace & Defense,2023-06-05
44.8,45.43,44.69,45.29,1996035,0.0,0.0,HWM,Howmet Aerospace,Industrials,Aerospace & Defense,2023-06-06
45.36,46.37,45.36,46.17,2273293,0.0,0.0,HWM,Howmet Aerospace,Industrials,Aerospace & Defense,2023-06-07
46.06,46.67,46.06,46.35,1965268,0.0,0.0,HWM,Howmet Aerospace,Industrials,Aerospace & Defense,2023-06-08
46.52,46.55,45.67,45.94,1929289,0.0,0.0,HWM,Howmet Aerospace,Industrials,Aerospace & Defense,2023-06-09
45.97,46.33,45.72,46.18,1568727,0.0,0.0,HWM,Howmet Aerospace,Industrials,Aerospace & Defense,2023-06-12
46.08,46.5,45.82,46.01,2328188,0.0,0.0,HWM,Howmet Aerospace,Industrials,Aerospace & Defense,2023-06-13
46.24,46.24,45.56,45.7,2063941,0.0,0.0,HWM,Howmet Aerospace,Industrials,Aerospace & Defense,2023-06-14
45.59,46.29,45.54,46.04,1949542,0.0,0.0,HWM,Howmet Aerospace,Industrials,Aerospace & Defense,2023-06-15
46.31,46.7,45.81,45.98,2980240,0.0,0.0,HWM,Howmet Aerospace,Industrials,Aerospace & Defense,2023-06-16
45.95,46.88,45.95,46.57,3457800,0.0,0.0,HWM,Howmet Aerospace,Industrials,Aerospace & Defense,2023-06-20
46.62,47.31,46.4,47.16,2581966,0.0,0.0,HWM,Howmet Aerospace,Industrials,Aerospace & Defense,2023-06-21
46.87,46.97,46.17,46.56,2811570,0.0,0.0,HWM,Howmet Aerospace,Industrials,Aerospace & Defense,2023-06-22
46.1,46.63,45.96,46.35,4689254,0.0,0.0,HWM,Howmet Aerospace,Industrials,Aerospace & Defense,2023-06-23
46.53,46.81,46.44,46.68,1764732,0.0,0.0,HWM,Howmet Aerospace,Industrials,Aerospace & Defense,2023-06-26
46.77,48.14,46.71,48.1,3096192,0.0,0.0,HWM,Howmet Aerospace,Industrials,Aerospace & Defense,2023-06-27
48.18,48.34,47.96,48.11,2135134,0.0,0.0,HWM,Howmet Aerospace,Industrials,Aerospace & Defense,2023-06-28
48.06,48.91,48.0,48.76,2473218,0.0,0.0,HWM,Howmet Aerospace,Industrials,Aerospace & Defense,2023-06-29
49.48,49.68,49.01,49.56,2480403,0.0,0.0,HWM,Howmet Aerospace,Industrials,Aerospace & Defense,2023-06-30
49.19,49.6,49.09,49.13,877371,0.0,0.0,HWM,Howmet Aerospace,Industrials,Aerospace & Defense,2023-07-03
48.78,48.98,48.52,48.9,2975690,0.0,0.0,HWM,Howmet Aerospace,Industrials,Aerospace & Defense,2023-07-05
48.64,49.02,48.37,48.95,2699081,0.0,0.0,HWM,Howmet Aerospace,Industrials,Aerospace & Defense,2023-07-06
48.94,49.83,48.91,49.4,2145703,0.0,0.0,HWM,Howmet Aerospace,Industrials,Aerospace & Defense,2023-07-07
49.26,50.25,49.25,50.24,3504312,0.0,0.0,HWM,Howmet Aerospace,Industrials,Aerospace & Defense,2023-07-10
50.25,50.77,49.88,50.7,2504028,0.0,0.0,HWM,Howmet Aerospace,Industrials,Aerospace & Defense,2023-07-11
51.32,51.34,49.63,49.66,4557498,0.0,0.0,HWM,Howmet Aerospace,Industrials,Aerospace & Defense,2023-07-12
49.66,49.92,49.35,49.71,2552638,0.0,0.0,HWM,Howmet Aerospace,Industrials,Aerospace & Defense,2023-07-13
49.62,49.62,48.92,49.4,1357999,0.0,0.0,HWM,Howmet Aerospace,Industrials,Aerospace & Defense,2023-07-14
49.34,50.21,49.28,50.2,2671703,0.0,0.0,HWM,Howmet Aerospace,Industrials,Aerospace & Defense,2023-07-17
49.96,50.36,49.78,50.1,1808950,0.0,0.0,HWM,Howmet Aerospace,Industrials,Aerospace & Defense,2023-07-18
49.9,50.21,49.36,49.74,1791101,0.0,0.0,HWM,Howmet Aerospace,Industrials,Aerospace & Defense,2023-07-19
50.12,50.41,49.92,50.39,1549796,0.0,0.0,HWM,Howmet Aerospace,Industrials,Aerospace & Defense,2023-07-20
50.67,50.7,49.89,49.91,1449506,0.0,0.0,HWM,Howmet Aerospace,Industrials,Aerospace & Defense,2023-07-21
49.95,50.2,49.64,50.07,1332822,0.0,0.0,HWM,Howmet Aerospace,Industrials,Aerospace & Defense,2023-07-24
49.78,50.28,49.39,50.22,3176247,0.0,0.0,HWM,Howmet Aerospace,Industrials,Aerospace & Defense,2023-07-25
50.17,50.62,50.13,50.48,1926625,0.0,0.0,HWM,Howmet Aerospace,Industrials,Aerospace & Defense,2023-07-26
50.63,50.7,49.94,50.18,2214420,0.0,0.0,HWM,Howmet Aerospace,Industrials,Aerospace & Defense,2023-07-27
50.47,50.61,49.92,50.43,2095551,0.0,0.0,HWM,Howmet Aerospace,Industrials,Aerospace & Defense,2023-07-28
50.66,51.19,50.48,51.14,3183685,0.0,0.0,HWM,Howmet Aerospace,Industrials,Aerospace & Defense,2023-07-31
49.73,49.73,47.75,48.99,5537365,0.0,0.0,HWM,Howmet Aerospace,Industrials,Aerospace & Defense,2023-08-01
48.65,48.66,47.92,48.05,2846886,0.0,0.0,HWM,Howmet Aerospace,Industrials,Aerospace & Defense,2023-08-02
47.95,48.5,47.54,48.18,2595726,0.0,0.0,HWM,Howmet Aerospace,Industrials,Aerospace & Defense,2023-08-03
48.39,49.39,48.27,49.05,5030826,0.0,0.0,HWM,Howmet Aerospace,Industrials,Aerospace & Defense,2023-08-04
49.42,50.66,49.05,50.45,6148962,0.0,0.0,HWM,Howmet Aerospace,Industrials,Aerospace & Defense,2023-08-07
50.35,50.66,50.02,50.5,4376227,0.0,0.0,HWM,Howmet Aerospace,Industrials,Aerospace & Defense,2023-08-08
50.54,50.54,49.74,49.79,3011438,0.0,0.0,HWM,Howmet Aerospace,Industrials,Aerospace & Defense,2023-08-09
49.91,50.29,49.66,49.84,1822272,0.0,0.0,HWM,Howmet Aerospace,Industrials,Aerospace & Defense,2023-08-10
49.77,49.84,49.18,49.44,2761615,0.0,0.0,HWM,Howmet Aerospace,Industrials,Aerospace & Defense,2023-08-11
49.32,49.64,49.16,49.22,1847479,0.0,0.0,HWM,Howmet Aerospace,Industrials,Aerospace & Defense,2023-08-14
49.0,49.17,48.69,48.77,2281783,0.0,0.0,HWM,Howmet Aerospace,Industrials,Aerospace & Defense,2023-08-15
48.73,49.38,48.72,48.85,2317020,0.0,0.0,HWM,Howmet Aerospace,Industrials,Aerospace & Defense,2023-08-16
49.1,49.29,48.6,48.61,2121172,0.0,0.0,HWM,Howmet Aerospace,Industrials,Aerospace & Defense,2023-08-17
48.16,48.96,48.0,48.78,1859354,0.0,0.0,HWM,Howmet Aerospace,Industrials,Aerospace & Defense,2023-08-18
48.92,48.92,48.18,48.57,1677641,0.0,0.0,HWM,Howmet Aerospace,Industrials,Aerospace & Defense,2023-08-21
48.86,48.96,48.49,48.69,1951880,0.0,0.0,HWM,Howmet Aerospace,Industrials,Aerospace & Defense,2023-08-22
48.79,49.33,48.6,49.14,2088640,0.0,0.0,HWM,Howmet Aerospace,Industrials,Aerospace & Defense,2023-08-23
48.94,49.2,48.09,48.12,2714761,0.0,0.0,HWM,Howmet Aerospace,Industrials,Aerospace & Defense,2023-08-24
48.29,48.48,47.66,48.18,2429258,0.0,0.0,HWM,Howmet Aerospace,Industrials,Aerospace & Defense,2023-08-25
48.28,48.96,48.04,48.86,1634007,0.0,0.0,HWM,Howmet Aerospace,Industrials,Aerospace & Defense,2023-08-28
48.69,49.34,48.33,49.31,2133066,0.0,0.0,HWM,Howmet Aerospace,Industrials,Aerospace & Defense,2023-08-29
49.45,49.94,49.33,49.72,2230913,0.0,0.0,HWM,Howmet Aerospace,Industrials,Aerospace & Defense,2023-08-30
49.73,49.98,49.46,49.47,2878504,0.0,0.0,HWM,Howmet Aerospace,Industrials,Aerospace & Defense,2023-08-31
49.93,50.0,49.46,49.69,2001645,0.0,0.0,HWM,Howmet Aerospace,Industrials,Aerospace & Defense,2023-09-01
49.62,49.68,48.26,48.31,3137923,0.0,0.0,HWM,Howmet Aerospace,Industrials,Aerospace & Defense,2023-09-05
48.38,48.7,48.04,48.43,2214633,0.0,0.0,HWM,Howmet Aerospace,Industrials,Aerospace & Defense,2023-09-06
48.37,48.61,48.06,48.2,2373938,0.0,0.0,HWM,Howmet Aerospace,Industrials,Aerospace & Defense,2023-09-07
48.1,48.36,47.6,47.65,2043874,0.0,0.0,HWM,Howmet Aerospace,Industrials,Aerospace & Defense,2023-09-08
47.89,47.93,47.26,47.84,2511031,0.0,0.0,HWM,Howmet Aerospace,Industrials,Aerospace & Defense,2023-09-11
47.53,48.0,47.41,47.72,1610573,0.0,0.0,HWM,Howmet Aerospace,Industrials,Aerospace & Defense,2023-09-12
47.63,47.96,46.93,47.08,2504067,0.0,0.0,HWM,Howmet Aerospace,Industrials,Aerospace & Defense,2023-09-13
47.38,47.72,46.68,47.09,2970466,0.0,0.0,HWM,Howmet Aerospace,Industrials,Aerospace & Defense,2023-09-14
47.02,47.14,46.45,46.68,6907163,0.0,0.0,HWM,Howmet Aerospace,Industrials,Aerospace & Defense,2023-09-15
46.67,47.22,46.61,47.09,3361525,0.0,0.0,HWM,Howmet Aerospace,Industrials,Aerospace & Defense,2023-09-18
47.09,47.42,46.77,47.12,2001625,0.0,0.0,HWM,Howmet Aerospace,Industrials,Aerospace & Defense,2023-09-19
47.46,47.67,46.51,46.54,1525415,0.0,0.0,HWM,Howmet Aerospace,Industrials,Aerospace & Defense,2023-09-20
46.39,46.79,45.99,46.07,2144587,0.0,0.0,HWM,Howmet Aerospace,Industrials,Aerospace & Defense,2023-09-21
46.03,46.39,45.67,45.8,2026849,0.0,0.0,HWM,Howmet Aerospace,Industrials,Aerospace & Defense,2023-09-22
45.55,46.44,45.5,46.3,1519180,0.0,0.0,HWM,Howmet Aerospace,Industrials,Aerospace & Defense,2023-09-25
46.1,46.32,45.76,45.81,1859661,0.0,0.0,HWM,Howmet Aerospace,Industrials,Aerospace & Defense,2023-09-26
46.13,46.4,45.79,46.08,1778924,0.0,0.0,HWM,Howmet Aerospace,Industrials,Aerospace & Defense,2023-09-27
46.32,47.27,46.15,46.48,2203931,0.0,0.0,HWM,Howmet Aerospace,Industrials,Aerospace & Defense,2023-09-28
46.85,47.13,46.06,46.25,2331706,0.0,0.0,HWM,Howmet Aerospace,Industrials,Aerospace & Defense,2023-09-29
45.95,46.23,45.3,45.42,1826800,0.0,0.0,HWM,Howmet Aerospace,Industrials,Aerospace & Defense,2023-10-02
45.16,45.75,45.05,45.52,2374880,0.0,0.0,HWM,Howmet Aerospace,Industrials,Aerospace & Defense,2023-10-03
45.31,45.98,45.15,45.72,2546210,0.0,0.0,HWM,Howmet Aerospace,Industrials,Aerospace & Defense,2023-10-04
45.51,46.19,45.51,45.63,2430321,0.0,0.0,HWM,Howmet Aerospace,Industrials,Aerospace & Defense,2023-10-05
45.49,46.41,45.2,45.96,2020984,0.0,0.0,HWM,Howmet Aerospace,Industrials,Aerospace & Defense,2023-10-06
46.54,46.61,45.75,46.42,2109225,0.0,0.0,HWM,Howmet Aerospace,Industrials,Aerospace & Defense,2023-10-09
46.86,46.89,46.38,46.46,1918899,0.0,0.0,HWM,Howmet Aerospace,Industrials,Aerospace & Defense,2023-10-10
46.5,46.53,46.18,46.47,2166467,0.0,0.0,HWM,Howmet Aerospace,Industrials,Aerospace & Defense,2023-10-11
46.47,46.53,45.02,45.45,1887706,0.0,0.0,HWM,Howmet Aerospace,Industrials,Aerospace & Defense,2023-10-12
45.36,45.84,44.16,44.37,3683716,0.0,0.0,HWM,Howmet Aerospace,Industrials,Aerospace & Defense,2023-10-13
44.72,45.11,44.55,44.6,2062610,0.0,0.0,HWM,Howmet Aerospace,Industrials,Aerospace & Defense,2023-10-16
44.41,45.36,44.34,45.24,2054045,0.0,0.0,HWM,Howmet Aerospace,Industrials,Aerospace & Defense,2023-10-17
45.1,45.11,44.3,44.35,2225885,0.0,0.0,HWM,Howmet Aerospace,Industrials,Aerospace & Defense,2023-10-18
44.24,44.64,43.58,43.71,1641581,0.0,0.0,HWM,Howmet Aerospace,Industrials,Aerospace & Defense,2023-10-19
43.78,43.87,43.26,43.44,2560837,0.0,0.0,HWM,Howmet Aerospace,Industrials,Aerospace & Defense,2023-10-20
43.36,43.92,43.27,43.55,1548511,0.0,0.0,HWM,Howmet Aerospace,Industrials,Aerospace & Defense,2023-10-23
44.1,44.1,43.21,43.5,2815402,0.0,0.0,HWM,Howmet Aerospace,Industrials,Aerospace & Defense,2023-10-24
43.65,43.86,43.18,43.23,2213969,0.0,0.0,HWM,Howmet Aerospace,Industrials,Aerospace & Defense,2023-10-25
43.35,44.16,43.35,43.47,2307770,0.0,0.0,HWM,Howmet Aerospace,Industrials,Aerospace & Defense,2023-10-26
43.41,43.56,42.94,43.09,1354292,0.0,0.0,HWM,Howmet Aerospace,Industrials,Aerospace & Defense,2023-10-27
43.5,43.68,43.19,43.6,2147794,0.0,0.0,HWM,Howmet Aerospace,Industrials,Aerospace & Defense,2023-10-30
43.5,44.14,43.5,44.1,2651481,0.0,0.0,HWM,Howmet Aerospace,Industrials,Aerospace & Defense,2023-10-31
44.31,44.78,43.95,44.72,3014020,0.0,0.0,HWM,Howmet Aerospace,Industrials,Aerospace & Defense,2023-11-01
48.11,49.87,47.72,48.25,4694296,0.0,0.0,HWM,Howmet Aerospace,Industrials,Aerospace & Defense,2023-11-02
48.78,48.78,47.94,47.98,2954656,0.0,0.0,HWM,Howmet Aerospace,Industrials,Aerospace & Defense,2023-11-03
48.19,48.81,47.9,48.73,2459667,0.0,0.0,HWM,Howmet Aerospace,Industrials,Aerospace & Defense,2023-11-06
48.38,48.54,48.04,48.27,1738811,0.0,0.0,HWM,Howmet Aerospace,Industrials,Aerospace & Defense,2023-11-07
48.58,48.79,47.88,48.34,2041132,0.0,0.0,HWM,Howmet Aerospace,Industrials,Aerospace & Defense,2023-11-08
48.57,49.23,48.39,48.76,3726824,0.0,0.0,HWM,Howmet Aerospace,Industrials,Aerospace & Defense,2023-11-09
49.09,49.66,48.82,49.55,2132236,0.0,0.0,HWM,Howmet Aerospace,Industrials,Aerospace & Defense,2023-11-10
49.6,50.58,49.36,50.34,4508386,0.0,0.0,HWM,Howmet Aerospace,Industrials,Aerospace & Defense,2023-11-13
50.85,51.57,50.57,51.51,4064500,0.0,0.0,HWM,Howmet Aerospace,Industrials,Aerospace & Defense,2023-11-14
51.62,52.06,51.45,51.55,3511510,0.0,0.0,HWM,Howmet Aerospace,Industrials,Aerospace & Defense,2023-11-15
51.55,51.94,51.26,51.53,2641176,0.0,0.0,HWM,Howmet Aerospace,Industrials,Aerospace & Defense,2023-11-16
51.71,52.13,51.38,51.47,2113768,0.0,0.0,HWM,Howmet Aerospace,Industrials,Aerospace & Defense,2023-11-17
51.56,51.66,51.22,51.48,2628232,0.0,0.0,HWM,Howmet Aerospace,Industrials,Aerospace & Defense,2023-11-20
51.39,52.12,51.29,52.02,1430366,0.0,0.0,HWM,Howmet Aerospace,Industrials,Aerospace & Defense,2023-11-21
51.96,52.41,51.76,52.28,1591817,0.0,0.0,HWM,Howmet Aerospace,Industrials,Aerospace & Defense,2023-11-22
52.39,52.55,52.16,52.27,776291,0.0,0.0,HWM,Howmet Aerospace,Industrials,Aerospace & Defense,2023-11-24
52.03,52.7,52.0,52.62,1984829,0.0,0.0,HWM,Howmet Aerospace,Industrials,Aerospace & Defense,2023-11-27
52.76,52.96,51.95,51.95,2083055,0.0,0.0,HWM,Howmet Aerospace,Industrials,Aerospace & Defense,2023-11-28
52.23,52.35,51.47,51.59,1955086,0.0,0.0,HWM,Howmet Aerospace,Industrials,Aerospace & Defense,2023-11-29
51.84,52.66,51.79,52.6,3258135,0.0,0.0,HWM,Howmet Aerospace,Industrials,Aerospace & Defense,2023-11-30
52.62,53.24,52.62,52.9,2005409,0.0,0.0,HWM,Howmet Aerospace,Industrials,Aerospace & Defense,2023-12-01
52.64,52.94,52.1,52.91,2722327,0.0,0.0,HWM,Howmet Aerospace,Industrials,Aerospace & Defense,2023-12-04
52.75,52.84,52.06,52.18,2116110,0.0,0.0,HWM,Howmet Aerospace,Industrials,Aerospace & Defense,2023-12-05
52.45,52.89,52.22,52.31,1523180,0.0,0.0,HWM,Howmet Aerospace,Industrials,Aerospace & Defense,2023-12-06
52.26,52.82,52.26,52.74,1988002,0.0,0.0,HWM,Howmet Aerospace,Industrials,Aerospace & Defense,2023-12-07
52.72,53.36,52.72,53.26,1634764,0.0,0.0,HWM,Howmet Aerospace,Industrials,Aerospace & Defense,2023-12-08
53.18,53.9,53.04,53.66,1464451,0.0,0.0,HWM,Howmet Aerospace,Industrials,Aerospace & Defense,2023-12-11
53.68,54.23,53.54,54.14,1455776,0.0,0.0,HWM,Howmet Aerospace,Industrials,Aerospace & Defense,2023-12-12
54.37,54.5,53.7,54.21,2626207,0.0,0.0,HWM,Howmet Aerospace,Industrials,Aerospace & Defense,2023-12-13
54.38,54.53,52.36,52.78,5529055,0.0,0.0,HWM,Howmet Aerospace,Industrials,Aerospace & Defense,2023-12-14
52.45,53.26,52.38,52.8,5428646,0.0,0.0,HWM,Howmet Aerospace,Industrials,Aerospace & Defense,2023-12-15
52.99,53.48,52.9,53.19,1921957,0.0,0.0,HWM,Howmet Aerospace,Industrials,Aerospace & Defense,2023-12-18
53.36,53.88,53.23,53.65,2696970,0.0,0.0,HWM,Howmet Aerospace,Industrials,Aerospace & Defense,2023-12-19
53.33,53.73,52.68,52.72,2075212,0.0,0.0,HWM,Howmet Aerospace,Industrials,Aerospace & Defense,2023-12-20
53.31,53.68,53.12,53.47,1694765,0.0,0.0,HWM,Howmet Aerospace,Industrials,Aerospace & Defense,2023-12-21
53.57,53.91,53.43,53.57,1352749,0.0,0.0,HWM,Howmet Aerospace,Industrials,Aerospace & Defense,2023-12-22
53.57,54.07,53.42,53.84,1066969,0.0,0.0,HWM,Howmet Aerospace,Industrials,Aerospace & Defense,2023-12-26
53.69,54.08,53.63,54.05,1491272,0.0,0.0,HWM,Howmet Aerospace,Industrials,Aerospace & Defense,2023-12-27
54.03,54.22,53.77,54.11,1527875,0.0,0.0,HWM,Howmet Aerospace,Industrials,Aerospace & Defense,2023-12-28
54.2,54.41,54.07,54.12,1964530,0.0,0.0,HWM,Howmet Aerospace,Industrials,Aerospace & Defense,2023-12-29
53.84,54.13,53.2,53.73,2344092,0.0,0.0,HWM,Howmet Aerospace,Industrials,Aerospace & Defense,2024-01-02
53.59,53.8,52.73,52.76,3080023,0.0,0.0,HWM,Howmet Aerospace,Industrials,Aerospace & Defense,2024-01-03
53.04,53.42,52.56,52.6,1695665,0.0,0.0,HWM,Howmet Aerospace,Industrials,Aerospace & Defense,2024-01-04
52.93,54.25,52.61,53.83,4007134,0.0,0.0,HWM,Howmet Aerospace,Industrials,Aerospace & Defense,2024-01-05
53.53,54.12,52.73,54.09,2524939,0.0,0.0,HWM,Howmet Aerospace,Industrials,Aerospace & Defense,2024-01-08
53.69,53.94,53.41,53.71,2656612,0.0,0.0,HWM,Howmet Aerospace,Industrials,Aerospace & Defense,2024-01-09
55.0,55.68,54.75,55.57,4226348,0.0,0.0,HWM,Howmet Aerospace,Industrials,Aerospace & Defense,2024-01-10
55.68,55.75,54.84,55.51,2361118,0.0,0.0,HWM,Howmet Aerospace,Industrials,Aerospace & Defense,2024-01-11
55.67,55.9,55.25,55.54,2259184,0.0,0.0,HWM,Howmet Aerospace,Industrials,Aerospace & Defense,2024-01-12
55.24,55.36,53.29,53.66,4604391,0.0,0.0,HWM,Howmet Aerospace,Industrials,Aerospace & Defense,2024-01-16
53.3,54.16,53.18,53.57,2264647,0.0,0.0,HWM,Howmet Aerospace,Industrials,Aerospace & Defense,2024-01-17
53.95,55.28,53.8,55.19,3098206,0.0,0.0,HWM,Howmet Aerospace,Industrials,Aerospace & Defense,2024-01-18
55.25,55.92,54.94,55.74,2045914,0.0,0.0,HWM,Howmet Aerospace,Industrials,Aerospace & Defense,2024-01-19
55.81,56.54,55.75,56.07,2003674,0.0,0.0,HWM,Howmet Aerospace,Industrials,Aerospace & Defense,2024-01-22
56.1,56.76,55.97,56.43,3870774,0.0,0.0,HWM,Howmet Aerospace,Industrials,Aerospace & Defense,2024-01-23
56.68,57.04,56.3,56.34,2420754,0.0,0.0,HWM,Howmet Aerospace,Industrials,Aerospace & Defense,2024-01-24
56.34,56.57,55.06,55.27,8717118,0.0,0.0,HWM,Howmet Aerospace,Industrials,Aerospace & Defense,2024-01-25
55.48,55.61,55.0,55.43,4240171,0.0,0.0,HWM,Howmet Aerospace,Industrials,Aerospace & Defense,2024-01-26
55.41,55.79,55.32,55.78,3034603,0.0,0.0,HWM,Howmet Aerospace,Industrials,Aerospace & Defense,2024-01-29
55.75,56.17,55.66,55.98,2936165,0.0,0.0,HWM,Howmet Aerospace,Industrials,Aerospace & Defense,2024-01-30
56.11,56.89,55.89,56.26,4398480,0.0,0.0,HWM,Howmet Aerospace,Industrials,Aerospace & Defense,2024-01-31
56.6,57.42,56.29,57.38,2302999,0.0,0.0,HWM,Howmet Aerospace,Industrials,Aerospace & Defense,2024-02-01
57.44,57.94,57.0,57.72,3097613,0.0,0.0,HWM,Howmet Aerospace,Industrials,Aerospace & Defense,2024-02-02
57.25,57.97,57.12,57.79,2611382,0.0,0.0,HWM,Howmet Aerospace,Industrials,Aerospace & Defense,2024-02-05
57.81,58.48,57.66,58.43,2144189,0.0,0.0,HWM,Howmet Aerospace,Industrials,Aerospace & Defense,2024-02-06
58.73,59.42,58.58,59.09,3043411,0.0,0.0,HWM,Howmet Aerospace,Industrials,Aerospace & Defense,2024-02-07
59.15,59.32,58.86,59.17,2164973,0.0,0.0,HWM,Howmet Aerospace,Industrials,Aerospace & Defense,2024-02-08
59.38,59.4,58.56,58.6,2449586,0.0,0.0,HWM,Howmet Aerospace,Industrials,Aerospace & Defense,2024-02-09
58.64,58.87,58.34,58.83,3656247,0.0,0.0,HWM,Howmet Aerospace,Industrials,Aerospace & Defense,2024-02-12
60.0,61.98,58.54,61.98,6244853,0.0,0.0,HWM,Howmet Aerospace,Industrials,Aerospace & Defense,2024-02-13
62.57,63.43,62.38,63.38,3361449,0.0,0.0,HWM,Howmet Aerospace,Industrials,Aerospace & Defense,2024-02-14
63.46,63.68,63.26,63.27,3241393,0.0,0.0,HWM,Howmet Aerospace,Industrials,Aerospace & Defense,2024-02-15
63.53,63.92,62.72,62.82,2686858,0.0,0.0,HWM,Howmet Aerospace,Industrials,Aerospace & Defense,2024-02-16
62.84,63.66,62.7,63.11,3709987,0.0,0.0,HWM,Howmet Aerospace,Industrials,Aerospace & Defense,2024-02-20
63.25,64.0,63.15,63.52,5369269,0.0,0.0,HWM,Howmet Aerospace,Industrials,Aerospace & Defense,2024-02-21
63.97,65.12,63.77,65.06,2705755,0.0,0.0,HWM,Howmet Aerospace,Industrials,Aerospace & Defense,2024-02-22
65.18,65.94,65.07,65.87,4348987,0.0,0.0,HWM,Howmet Aerospace,Industrials,Aerospace & Defense,2024-02-23
66.08,66.28,65.65,65.86,2650127,0.0,0.0,HWM,Howmet Aerospace,Industrials,Aerospace & Defense,2024-02-26
65.92,66.19,65.38,65.97,1981311,0.0,0.0,HWM,Howmet Aerospace,Industrials,Aerospace & Defense,2024-02-27
65.98,66.9,65.74,66.76,2343309,0.0,0.0,HWM,Howmet Aerospace,Industrials,Aerospace & Defense,2024-02-28
66.79,66.92,66.24,66.55,3676062,0.0,0.0,HWM,Howmet Aerospace,Industrials,Aerospace & Defense,2024-02-29
66.64,67.24,66.5,67.0,2172679,0.0,0.0,HWM,Howmet Aerospace,Industrials,Aerospace & Defense,2024-03-01
67.05,67.97,66.95,67.79,1922795,0.0,0.0,HWM,Howmet Aerospace,Industrials,Aerospace & Defense,2024-03-04
67.64,68.33,67.43,67.96,2954684,0.0,0.0,HWM,Howmet Aerospace,Industrials,Aerospace & Defense,2024-03-05
68.14,69.27,68.09,68.78,4685455,0.0,0.0,HWM,Howmet Aerospace,Industrials,Aerospace & Defense,2024-03-06
69.12,69.49,68.74,69.38,2510975,0.0,0.0,HWM,Howmet Aerospace,Industrials,Aerospace & Defense,2024-03-07
69.38,69.55,67.33,67.74,3655214,0.0,0.0,HWM,Howmet Aerospace,Industrials,Aerospace & Defense,2024-03-08
67.47,67.95,64.77,65.0,6437632,0.0,0.0,HWM,Howmet Aerospace,Industrials,Aerospace & Defense,2024-03-11
65.05,66.2,64.39,66.07,5843624,0.0,0.0,HWM,Howmet Aerospace,Industrials,Aerospace & Defense,2024-03-12
65.99,66.09,65.06,65.63,4389883,0.0,0.0,HWM,Howmet Aerospace,Industrials,Aerospace & Defense,2024-03-13
65.63,65.79,65.18,65.5,3675828,0.0,0.0,HWM,Howmet Aerospace,Industrials,Aerospace & Defense,2024-03-14
65.0,66.24,65.0,66.24,6494466,0.0,0.0,HWM,Howmet Aerospace,Industrials,Aerospace & Defense,2024-03-15
66.76,67.15,66.28,66.74,4039557,0.0,0.0,HWM,Howmet Aerospace,Industrials,Aerospace & Defense,2024-03-18
66.93,67.39,66.46,67.17,4269063,0.0,0.0,HWM,Howmet Aerospace,Industrials,Aerospace & Defense,2024-03-19
67.11,67.96,67.07,67.53,4558324,0.0,0.0,HWM,Howmet Aerospace,Industrials,Aerospace & Defense,2024-03-20
67.81,67.97,67.15,67.68,3789154,0.0,0.0,HWM,Howmet Aerospace,Industrials,Aerospace & Defense,2024-03-21
67.64,68.37,67.52,68.1,3035314,0.0,0.0,HWM,Howmet Aerospace,Industrials,Aerospace & Defense,2024-03-22
68.29,68.38,67.28,67.36,1764237,0.0,0.0,HWM,Howmet Aerospace,Industrials,Aerospace & Defense,2024-03-25
67.47,67.88,67.28,67.65,1903342,0.0,0.0,HWM,Howmet Aerospace,Industrials,Aerospace & Defense,2024-03-26
68.07,68.28,67.5,68.08,2345987,0.0,0.0,HWM,Howmet Aerospace,Industrials,Aerospace & Defense,2024-03-27
68.38,68.74,68.01,68.43,2893120,0.0,0.0,HWM,Howmet Aerospace,Industrials,Aerospace & Defense,2024-03-28
68.35,68.56,65.64,66.11,3389135,0.0,0.0,HWM,Howmet Aerospace,Industrials,Aerospace & Defense,2024-04-01
65.76,65.86,64.83,65.26,4960307,0.0,0.0,HWM,Howmet Aerospace,Industrials,Aerospace & Defense,2024-04-02
65.21,66.66,65.18,66.0,3707913,0.0,0.0,HWM,Howmet Aerospace,Industrials,Aerospace & Defense,2024-04-03
66.54,66.83,65.35,65.53,3506708,0.0,0.0,HWM,Howmet Aerospace,Industrials,Aerospace & Defense,2024-04-04
65.85,67.11,65.59,67.06,2421461,0.0,0.0,HWM,Howmet Aerospace,Industrials,Aerospace & Defense,2024-04-05
67.27,67.42,66.62,66.73,4441155,0.0,0.0,HWM,Howmet Aerospace,Industrials,Aerospace & Defense,2024-04-08
66.78,66.78,65.31,65.85,4819406,0.0,0.0,HWM,Howmet Aerospace,Industrials,Aerospace & Defense,2024-04-09
65.02,65.66,64.66,65.25,2813788,0.0,0.0,HWM,Howmet Aerospace,Industrials,Aerospace & Defense,2024-04-10
65.2,66.0,64.56,65.59,2296684,0.0,0.0,HWM,Howmet Aerospace,Industrials,Aerospace & Defense,2024-04-11
65.3,65.64,63.53,64.0,2997987,0.0,0.0,HWM,Howmet Aerospace,Industrials,Aerospace & Defense,2024-04-12
65.34,65.53,63.11,63.49,2729387,0.0,0.0,HWM,Howmet Aerospace,Industrials,Aerospace & Defense,2024-04-15
63.7,64.75,63.48,64.02,2640763,0.0,0.0,HWM,Howmet Aerospace,Industrials,Aerospace & Defense,2024-04-16
64.44,64.44,62.93,63.46,3088786,0.0,0.0,HWM,Howmet Aerospace,Industrials,Aerospace & Defense,2024-04-17
63.49,64.34,63.37,63.5,2294333,0.0,0.0,HWM,Howmet Aerospace,Industrials,Aerospace & Defense,2024-04-18
64.05,64.34,62.97,63.41,3072329,0.0,0.0,HWM,Howmet Aerospace,Industrials,Aerospace & Defense,2024-04-19
63.5,63.76,62.8,62.93,2394341,0.0,0.0,HWM,Howmet Aerospace,Industrials,Aerospace & Defense,2024-04-22
63.41,64.78,62.83,64.76,3002552,0.0,0.0,HWM,Howmet Aerospace,Industrials,Aerospace & Defense,2024-04-23
65.1,65.49,64.07,64.7,2836861,0.0,0.0,HWM,Howmet Aerospace,Industrials,Aerospace & Defense,2024-04-24
64.29,64.94,63.64,64.8,2279731,0.0,0.0,HWM,Howmet Aerospace,Industrials,Aerospace & Defense,2024-04-25
64.86,66.57,64.71,66.4,4071656,0.0,0.0,HWM,Howmet Aerospace,Industrials,Aerospace & Defense,2024-04-26
66.33,67.84,66.33,67.11,4336497,0.0,0.0,HWM,Howmet Aerospace,Industrials,Aerospace & Defense,2024-04-29
66.76,68.34,66.58,66.75,4954846,0.0,0.0,HWM,Howmet Aerospace,Industrials,Aerospace & Defense,2024-04-30
66.86,67.88,66.37,66.78,4582033,0.0,0.0,HWM,Howmet Aerospace,Industrials,Aerospace & Defense,2024-05-01
74.0,77.88,73.92,77.1,8863941,0.0,0.0,HWM,Howmet Aerospace,Industrials,Aerospace & Defense,2024-05-02
78.21,79.47,76.95,78.89,6147936,0.0,0.0,HWM,Howmet Aerospace,Industrials,Aerospace & Defense,2024-05-03
79.72,80.2,78.77,80.18,3253283,0.0,0.0,HWM,Howmet Aerospace,Industrials,Aerospace & Defense,2024-05-06
80.26,80.35,79.61,79.83,4330048,0.0,0.0,HWM,Howmet Aerospace,Industrials,Aerospace & Defense,2024-05-07
80.23,81.47,80.12,81.42,4102972,0.0,0.0,HWM,Howmet Aerospace,Industrials,Aerospace & Defense,2024-05-08
81.56,82.03,80.92,82.03,2359666,0.0,0.0,HWM,Howmet Aerospace,Industrials,Aerospace & Defense,2024-05-09
82.72,82.81,80.74,80.87,3147698,0.0,0.0,HWM,Howmet Aerospace,Industrials,Aerospace & Defense,2024-05-10
80.99,81.45,79.95,80.22,2537796,0.0,0.0,HWM,Howmet Aerospace,Industrials,Aerospace & Defense,2024-05-13
80.11,81.08,79.96,80.88,2030018,0.0,0.0,HWM,Howmet Aerospace,Industrials,Aerospace & Defense,2024-05-14
81.0,82.84,80.95,82.75,2695021,0.0,0.0,HWM,Howmet Aerospace,Industrials,Aerospace & Defense,2024-05-15
82.76,83.16,82.53,82.53,2620921,0.0,0.0,HWM,Howmet Aerospace,Industrials,Aerospace & Defense,2024-05-16
83.01,83.07,82.26,82.93,1332823,0.0,0.0,HWM,Howmet Aerospace,Industrials,Aerospace & Defense,2024-05-17
83.21,84.13,83.21,84.06,1541147,0.0,0.0,HWM,Howmet Aerospace,Industrials,Aerospace & Defense,2024-05-20
83.92,84.87,83.51,84.79,1589208,0.0,0.0,HWM,Howmet Aerospace,Industrials,Aerospace & Defense,2024-05-21
84.51,84.6,83.17,83.46,2659323,0.0,0.0,HWM,Howmet Aerospace,Industrials,Aerospace & Defense,2024-05-22
83.97,83.97,82.21,82.42,2392282,0.0,0.0,HWM,Howmet Aerospace,Industrials,Aerospace & Defense,2024-05-23
83.25,85.48,83.0,84.72,2719884,0.0,0.0,HWM,Howmet Aerospace,Industrials,Aerospace & Defense,2024-05-24
85.12,85.52,84.07,85.28,2496473,0.0,0.0,HWM,Howmet Aerospace,Industrials,Aerospace & Defense,2024-05-28
84.69,85.2,84.01,84.07,1886623,0.0,0.0,HWM,Howmet Aerospace,Industrials,Aerospace & Defense,2024-05-29
84.22,84.54,83.68,84.23,1510195,0.0,0.0,HWM,Howmet Aerospace,Industrials,Aerospace & Defense,2024-05-30
84.22,84.7,82.93,84.65,3389685,0.0,0.0,HWM,Howmet Aerospace,Industrials,Aerospace & Defense,2024-05-31
85.29,85.43,83.5,84.63,2019131,0.0,0.0,HWM,Howmet Aerospace,Industrials,Aerospace & Defense,2024-06-03
84.41,84.41,82.16,82.29,2504605,0.0,0.0,HWM,Howmet Aerospace,Industrials,Aerospace & Defense,2024-06-04
82.4,84.65,82.4,84.63,1947547,0.0,0.0,HWM,Howmet Aerospace,Industrials,Aerospace & Defense,2024-06-05
84.42,85.05,83.16,83.27,1734999,0.0,0.0,HWM,Howmet Aerospace,Industrials,Aerospace & Defense,2024-06-06
83.51,84.67,83.34,83.78,2064032,0.0,0.0,HWM,Howmet Aerospace,Industrials,Aerospace & Defense,2024-06-07
83.31,84.4,83.31,83.65,2034450,0.0,0.0,HWM,Howmet Aerospace,Industrials,Aerospace & Defense,2024-06-10
83.38,83.66,82.33,83.18,1446283,0.0,0.0,HWM,Howmet Aerospace,Industrials,Aerospace & Defense,2024-06-11
83.49,84.17,82.55,83.43,2249930,0.0,0.0,HWM,Howmet Aerospace,Industrials,Aerospace & Defense,2024-06-12
83.36,83.53,81.79,82.8,2128433,0.0,0.0,HWM,Howmet Aerospace,Industrials,Aerospace & Defense,2024-06-13
81.69,81.74,77.74,78.94,4958710,0.0,0.0,HWM,Howmet Aerospace,Industrials,Aerospace & Defense,2024-06-14
78.81,80.2,78.54,80.0,2863639,0.0,0.0,HWM,Howmet Aerospace,Industrials,Aerospace & Defense,2024-06-17
80.02,80.39,79.28,80.2,1974104,0.0,0.0,HWM,Howmet Aerospace,Industrials,Aerospace & Defense,2024-06-18
80.35,80.79,79.23,79.51,3237117,0.0,0.0,HWM,Howmet Aerospace,Industrials,Aerospace & Defense,2024-06-20
79.45,80.16,78.89,80.14,4992706,0.0,0.0,HWM,Howmet Aerospace,Industrials,Aerospace & Defense,2024-06-21
79.93,81.35,78.1,78.63,4212176,0.0,0.0,HWM,Howmet Aerospace,Industrials,Aerospace & Defense,2024-06-24
78.91,79.24,77.49,78.2,4860364,0.0,0.0,HWM,Howmet Aerospace,Industrials,Aerospace & Defense,2024-06-25
78.14,79.2,77.7,79.0,2504270,0.0,0.0,HWM,Howmet Aerospace,Industrials,Aerospace & Defense,2024-06-26
79.1,79.86,79.0,79.6,2749950,0.0,0.0,HWM,Howmet Aerospace,Industrials,Aerospace & Defense,2024-06-27
79.78,80.47,76.83,77.63,6548894,0.0,0.0,HWM,Howmet Aerospace,Industrials,Aerospace & Defense,2024-06-28
78.75,78.96,76.92,77.3,3021269,0.0,0.0,HWM,Howmet Aerospace,Industrials,Aerospace & Defense,2024-07-01
77.06,78.49,76.85,78.07,2421389,0.0,0.0,HWM,Howmet Aerospace,Industrials,Aerospace & Defense,2024-07-02
78.5,79.46,78.0,79.33,1712907,0.0,0.0,HWM,Howmet Aerospace,Industrials,Aerospace & Defense,2024-07-03
79.46,79.64,78.0,78.8,1880313,0.0,0.0,HWM,Howmet Aerospace,Industrials,Aerospace & Defense,2024-07-05
79.27,80.51,79.27,80.47,2150221,0.0,0.0,HWM,Howmet Aerospace,Industrials,Aerospace & Defense,2024-07-08
80.53,81.25,80.17,80.24,1840666,0.0,0.0,HWM,Howmet Aerospace,Industrials,Aerospace & Defense,2024-07-09
80.54,81.19,80.11,80.18,2683566,0.0,0.0,HWM,Howmet Aerospace,Industrials,Aerospace & Defense,2024-07-10
80.09,80.88,79.42,79.66,2603072,0.0,0.0,HWM,Howmet Aerospace,Industrials,Aerospace & Defense,2024-07-11
80.25,80.31,79.1,79.23,2129376,0.0,0.0,HWM,Howmet Aerospace,Industrials,Aerospace & Defense,2024-07-12
79.64,79.86,78.8,78.9,2703098,0.0,0.0,HWM,Howmet Aerospace,Industrials,Aerospace & Defense,2024-07-15
79.4,81.53,79.4,81.38,3374276,0.0,0.0,HWM,Howmet Aerospace,Industrials,Aerospace & Defense,2024-07-16
80.23,80.71,77.84,77.86,2558905,0.0,0.0,HWM,Howmet Aerospace,Industrials,Aerospace & Defense,2024-07-17
78.0,78.94,77.22,78.78,4132815,0.0,0.0,HWM,Howmet Aerospace,Industrials,Aerospace & Defense,2024-07-18
78.83,78.9,77.49,78.03,1882459,0.0,0.0,HWM,Howmet Aerospace,Industrials,Aerospace & Defense,2024-07-19
78.53,80.27,78.34,80.25,4039703,0.0,0.0,HWM,Howmet Aerospace,Industrials,Aerospace & Defense,2024-07-22
80.19,82.86,79.91,82.41,3515115,0.0,0.0,HWM,Howmet Aerospace,Industrials,Aerospace & Defense,2024-07-23
81.95,82.14,79.49,79.59,2670215,0.0,0.0,HWM,Howmet Aerospace,Industrials,Aerospace & Defense,2024-07-24
80.0,83.65,79.63,82.34,5342536,0.0,0.0,HWM,Howmet Aerospace,Industrials,Aerospace & Defense,2024-07-25
82.81,83.29,81.41,82.68,2903005,0.0,0.0,HWM,Howmet Aerospace,Industrials,Aerospace & Defense,2024-07-26
83.68,83.96,82.21,82.85,3834897,0.0,0.0,HWM,Howmet Aerospace,Industrials,Aerospace & Defense,2024-07-29
92.55,94.89,91.09,93.81,7825642,0.0,0.0,HWM,Howmet Aerospace,Industrials,Aerospace & Defense,2024-07-30
94.38,96.93,92.66,95.7,4050614,0.0,0.0,HWM,Howmet Aerospace,Industrials,Aerospace & Defense,2024-07-31
96.65,97.29,94.1,94.87,3140489,0.0,0.0,HWM,Howmet Aerospace,Industrials,Aerospace & Defense,2024-08-01
93.45,93.75,89.81,90.16,4454848,0.0,0.0,HWM,Howmet Aerospace,Industrials,Aerospace & Defense,2024-08-02
86.13,87.42,85.39,86.75,6636696,0.0,0.0,HWM,Howmet Aerospace,Industrials,Aerospace & Defense,2024-08-05
88.42,91.0,88.0,89.08,3275219,0.0,0.0,HWM,Howmet Aerospace,Industrials,Aerospace & Defense,2024-08-06
90.32,90.82,87.64,87.92,2290133,0.0,0.0,HWM,Howmet Aerospace,Industrials,Aerospace & Defense,2024-08-07
88.88,92.52,88.52,91.96,3333297,0.0,0.0,HWM,Howmet Aerospace,Industrials,Aerospace & Defense,2024-08-08
92.15,93.18,91.19,93.09,1961222,0.0,0.0,HWM,Howmet Aerospace,Industrials,Aerospace & Defense,2024-08-09
93.13,93.53,92.2,92.83,2236539,0.0,0.0,HWM,Howmet Aerospace,Industrials,Aerospace & Defense,2024-08-12
93.4,93.96,92.63,93.92,3058866,0.0,0.0,HWM,Howmet Aerospace,Industrials,Aerospace & Defense,2024-08-13
93.96,95.07,92.94,93.88,1983170,0.0,0.0,HWM,Howmet Aerospace,Industrials,Aerospace & Defense,2024-08-14
95.25,95.84,93.91,95.58,2144709,0.0,0.0,HWM,Howmet Aerospace,Industrials,Aerospace & Defense,2024-08-15
95.5,96.22,95.19,95.82,1350979,0.0,0.0,HWM,Howmet Aerospace,Industrials,Aerospace & Defense,2024-08-16
95.58,96.45,95.4,96.37,1971351,0.0,0.0,HWM,Howmet Aerospace,Industrials,Aerospace & Defense,2024-08-19
96.45,96.71,94.92,95.63,1367860,0.0,0.0,HWM,Howmet Aerospace,Industrials,Aerospace & Defense,2024-08-20
95.8,96.61,95.55,96.26,1322999,0.0,0.0,HWM,Howmet Aerospace,Industrials,Aerospace & Defense,2024-08-21
96.25,97.09,96.07,96.55,1437639,0.0,0.0,HWM,Howmet Aerospace,Industrials,Aerospace & Defense,2024-08-22
96.8,97.57,96.41,97.08,1158202,0.0,0.0,HWM,Howmet Aerospace,Industrials,Aerospace & Defense,2024-08-23
96.91,97.86,96.58,96.64,1677206,0.0,0.0,HWM,Howmet Aerospace,Industrials,Aerospace & Defense,2024-08-26
96.39,97.19,95.42,96.95,1961772,0.0,0.0,HWM,Howmet Aerospace,Industrials,Aerospace & Defense,2024-08-27
97.55,98.15,96.18,96.52,1947409,0.0,0.0,HWM,Howmet Aerospace,Industrials,Aerospace & Defense,2024-08-28
96.84,97.75,95.66,96.96,1949366,0.0,0.0,HWM,Howmet Aerospace,Industrials,Aerospace & Defense,2024-08-29
97.16,97.48,95.31,96.66,3188796,0.0,0.0,HWM,Howmet Aerospace,Industrials,Aerospace & Defense,2024-08-30
97.16,97.9,92.45,93.02,3271479,0.0,0.0,HWM,Howmet Aerospace,Industrials,Aerospace & Defense,2024-09-03
92.9,94.71,92.58,94.35,2147834,0.0,0.0,HWM,Howmet Aerospace,Industrials,Aerospace & Defense,2024-09-04
94.08,94.81,93.05,94.21,3001812,0.0,0.0,HWM,Howmet Aerospace,Industrials,Aerospace & Defense,2024-09-05
94.0,94.15,90.72,91.44,4136985,0.0,0.0,HWM,Howmet Aerospace,Industrials,Aerospace & Defense,2024-09-06
93.1,94.62,92.53,93.69,1803456,0.0,0.0,HWM,Howmet Aerospace,Industrials,Aerospace & Defense,2024-09-09
94.09,94.09,92.2,93.15,2120862,0.0,0.0,HWM,Howmet Aerospace,Industrials,Aerospace & Defense,2024-09-10
93.18,94.25,91.03,94.09,1440703,0.0,0.0,HWM,Howmet Aerospace,Industrials,Aerospace & Defense,2024-09-11
94.1,95.11,93.6,94.23,1842260,0.0,0.0,HWM,Howmet Aerospace,Industrials,Aerospace & Defense,2024-09-12
93.5,95.97,92.77,95.28,2815679,0.0,0.0,HWM,Howmet Aerospace,Industrials,Aerospace & Defense,2024-09-13
95.71,96.55,94.13,95.14,2284549,0.0,0.0,HWM,Howmet Aerospace,Industrials,Aerospace & Defense,2024-09-16
95.24,95.26,93.51,94.59,2040832,0.0,0.0,HWM,Howmet Aerospace,Industrials,Aerospace & Defense,2024-09-17
94.94,95.96,94.26,94.68,1714678,0.0,0.0,HWM,Howmet Aerospace,Industrials,Aerospace & Defense,2024-09-18
96.94,97.52,95.46,97.43,2520109,0.0,0.0,HWM,Howmet Aerospace,Industrials,Aerospace & Defense,2024-09-19
97.25,98.29,96.52,97.45,6550394,0.0,0.0,HWM,Howmet Aerospace,Industrials,Aerospace & Defense,2024-09-20
97.54,98.97,97.23,98.63,2082932,0.0,0.0,HWM,Howmet Aerospace,Industrials,Aerospace & Defense,2024-09-23
98.62,99.6,98.04,99.32,3043144,0.0,0.0,HWM,Howmet Aerospace,Industrials,Aerospace & Defense,2024-09-24
99.65,100.51,99.38,99.72,1547477,0.0,0.0,HWM,Howmet Aerospace,Industrials,Aerospace & Defense,2024-09-25
100.29,100.62,99.02,99.3,1454556,0.0,0.0,HWM,Howmet Aerospace,Industrials,Aerospace & Defense,2024-09-26
99.3,99.7,98.59,99.21,1543588,0.0,0.0,HWM,Howmet Aerospace,Industrials,Aerospace & Defense,2024-09-27
98.55,100.37,97.86,100.25,2005714,0.0,0.0,HWM,Howmet Aerospace,Industrials,Aerospace & Defense,2024-09-30
99.98,101.7,98.9,100.92,2084508,0.0,0.0,HWM,Howmet Aerospace,Industrials,Aerospace & Defense,2024-10-01
100.94,102.13,100.03,101.29,1763008,0.0,0.0,HWM,Howmet Aerospace,Industrials,Aerospace & Defense,2024-10-02
101.48,102.26,100.14,100.75,2418735,0.0,0.0,HWM,Howmet Aerospace,Industrials,Aerospace & Defense,2024-10-03
101.81,103.0,101.03,102.03,2063335,0.0,0.0,HWM,Howmet Aerospace,Industrials,Aerospace & Defense,2024-10-04
101.75,103.38,101.39,102.83,1778989,0.0,0.0,HWM,Howmet Aerospace,Industrials,Aerospace & Defense,2024-10-07
103.83,104.24,102.94,102.99,1494250,0.0,0.0,HWM,Howmet Aerospace,Industrials,Aerospace & Defense,2024-10-08
103.11,104.1,102.6,103.7,1498109,0.0,0.0,HWM,Howmet Aerospace,Industrials,Aerospace & Defense,2024-10-09
103.3,103.32,101.62,102.1,1460739,0.0,0.0,HWM,Howmet Aerospace,Industrials,Aerospace & Defense,2024-10-10
102.16,104.42,102.14,103.82,1624068,0.0,0.0,HWM,Howmet Aerospace,Industrials,Aerospace & Defense,2024-10-11
103.82,104.0,102.2,102.65,2571755,0.0,0.0,HWM,Howmet Aerospace,Industrials,Aerospace & Defense,2024-10-14
102.9,104.29,102.21,103.91,2479591,0.0,0.0,HWM,Howmet Aerospace,Industrials,Aerospace & Defense,2024-10-15
104.01,105.45,103.92,105.31,1511210,0.0,0.0,HWM,Howmet Aerospace,Industrials,Aerospace & Defense,2024-10-16
106.02,106.74,105.58,106.21,2450599,0.0,0.0,HWM,Howmet Aerospace,Industrials,Aerospace & Defense,2024-10-17
106.76,106.76,104.74,105.54,1706598,0.0,0.0,HWM,Howmet Aerospace,Industrials,Aerospace & Defense,2024-10-18
106.11,106.93,105.72,106.32,1724357,0.0,0.0,HWM,Howmet Aerospace,Industrials,Aerospace & Defense,2024-10-21
105.55,105.83,101.83,102.65,2807723,0.0,0.0,HWM,Howmet Aerospace,Industrials,Aerospace & Defense,2024-10-22
102.69,103.8,102.5,102.83,1851388,0.0,0.0,HWM,Howmet Aerospace,Industrials,Aerospace & Defense,2024-10-23
100.2,102.07,99.15,100.62,1983378,0.0,0.0,HWM,Howmet Aerospace,Industrials,Aerospace & Defense,2024-10-24
101.0,101.84,100.68,101.39,1398259,0.0,0.0,HWM,Howmet Aerospace,Industrials,Aerospace & Defense,2024-10-25
102.08,102.6,101.31,102.38,2230864,0.0,0.0,HWM,Howmet Aerospace,Industrials,Aerospace & Defense,2024-10-28
101.06,101.22,98.83,100.09,2844984,0.0,0.0,HWM,Howmet Aerospace,Industrials,Aerospace & Defense,2024-10-29
100.1,101.35,99.81,101.14,3435035,0.0,0.0,HWM,Howmet Aerospace,Industrials,Aerospace & Defense,2024-10-30
100.86,101.48,99.1,99.72,2673815,0.0,0.0,HWM,Howmet Aerospace,Industrials,Aerospace & Defense,2024-10-31
100.6,101.0,99.8,100.03,1523319,0.0,0.0,HWM,Howmet Aerospace,Industrials,Aerospace & Defense,2024-11-01
100.16,101.04,99.4,99.84,1728653,0.0,0.0,HWM,Howmet Aerospace,Industrials,Aerospace & Defense,2024-11-04
100.29,102.16,99.9,102.16,2556875,0.0,0.0,HWM,Howmet Aerospace,Industrials,Aerospace & Defense,2024-11-05
111.05,115.38,106.18,114.86,5796255,0.0,0.0,HWM,Howmet Aerospace,Industrials,Aerospace & Defense,2024-11-06
114.35,115.0,111.14,111.22,2607778,0.0,0.0,HWM,Howmet Aerospace,Industrials,Aerospace & Defense,2024-11-07
112.0,114.08,111.01,113.65,2012930,0.0,0.0,HWM,Howmet Aerospace,Industrials,Aerospace & Defense,2024-11-08
115.25,115.98,114.04,114.68,1534827,0.0,0.0,HWM,Howmet Aerospace,Industrials,Aerospace & Defense,2024-11-11
115.0,115.51,112.32,113.58,2177158,0.0,0.0,HWM,Howmet Aerospace,Industrials,Aerospace & Defense,2024-11-12
114.72,116.59,114.16,115.77,2331734,0.0,0.0,HWM,Howmet Aerospace,Industrials,Aerospace & Defense,2024-11-13
115.77,116.74,112.44,113.22,2688130,0.0,0.0,HWM,Howmet Aerospace,Industrials,Aerospace & Defense,2024-11-14
112.3,113.08,111.14,112.01,2221703,0.0,0.0,HWM,Howmet Aerospace,Industrials,Aerospace & Defense,2024-11-15
112.04,113.44,111.73,113.17,1817861,0.0,0.0,HWM,Howmet Aerospace,Industrials,Aerospace & Defense,2024-11-18
113.19,116.03,113.0,116.0,2488802,0.0,0.0,HWM,Howmet Aerospace,Industrials,Aerospace & Defense,2024-11-19
117.07,118.2,115.09,118.1,3650318,0.0,0.0,HWM,Howmet Aerospace,Industrials,Aerospace & Defense,2024-11-20
118.1,119.28,116.94,116.98,2592866,0.0,0.0,HWM,Howmet Aerospace,Industrials,Aerospace & Defense,2024-11-21
117.87,118.8,116.37,118.44,5093495,0.0,0.0,HWM,Howmet Aerospace,Industrials,Aerospace & Defense,2024-11-22
117.59,118.34,115.06,115.84,2907490,0.0,0.0,HWM,Howmet Aerospace,Industrials,Aerospace & Defense,2024-11-25
116.0,117.56,115.91,117.18,1947882,0.0,0.0,HWM,Howmet Aerospace,Industrials,Aerospace & Defense,2024-11-26
117.17,117.56,115.84,116.7,1766622,0.0,0.0,HWM,Howmet Aerospace,Industrials,Aerospace & Defense,2024-11-27
118.24,118.9,117.38,118.38,1352044,0.0,0.0,HWM,Howmet Aerospace,Industrials,Aerospace & Defense,2024-11-29
118.69,118.69,117.29,117.69,2926362,0.0,0.0,HWM,Howmet Aerospace,Industrials,Aerospace & Defense,2024-12-02
118.25,119.4,117.64,119.11,2251874,0.0,0.0,HWM,Howmet Aerospace,Industrials,Aerospace & Defense,2024-12-03
119.11,120.24,118.81,120.09,2313505,0.0,0.0,HWM,Howmet Aerospace,Industrials,Aerospace & Defense,2024-12-04
120.0,120.7,119.25,120.07,2472535,0.0,0.0,HWM,Howmet Aerospace,Industrials,Aerospace & Defense,2024-12-05
120.1,120.71,117.57,118.31,1913041,0.0,0.0,HWM,Howmet Aerospace,Industrials,Aerospace & Defense,2024-12-06
117.76,118.2,112.9,113.75,3015063,0.0,0.0,HWM,Howmet Aerospace,Industrials,Aerospace & Defense,2024-12-09
113.76,115.26,113.52,114.08,2009185,0.0,0.0,HWM,Howmet Aerospace,Industrials,Aerospace & Defense,2024-12-10
115.42,116.33,114.91,116.08,2399621,0.0,0.0,HWM,Howmet Aerospace,Industrials,Aerospace & Defense,2024-12-11
116.15,116.39,113.7,113.7,2119485,0.0,0.0,HWM,Howmet Aerospace,Industrials,Aerospace & Defense,2024-12-12
114.24,114.8,113.12,113.43,1565477,0.0,0.0,HWM,Howmet Aerospace,Industrials,Aerospace & Defense,2024-12-13
114.0,114.31,112.56,113.28,1917789,0.0,0.0,HWM,Howmet Aerospace,Industrials,Aerospace & Defense,2024-12-16
111.99,112.58,110.52,111.93,2764689,0.0,0.0,HWM,Howmet Aerospace,Industrials,Aerospace & Defense,2024-12-17
112.2,112.3,107.53,107.69,2448450,0.0,0.0,HWM,Howmet Aerospace,Industrials,Aerospace & Defense,2024-12-18
109.57,110.8,108.53,109.35,2915776,0.0,0.0,HWM,Howmet Aerospace,Industrials,Aerospace & Defense,2024-12-19
108.33,111.39,108.33,110.83,5806215,0.0,0.0,HWM,Howmet Aerospace,Industrials,Aerospace & Defense,2024-12-20
110.03,110.78,108.88,110.54,1537036,0.0,0.0,HWM,Howmet Aerospace,Industrials,Aerospace & Defense,2024-12-23
110.55,112.1,110.06,112.04,616905,0.0,0.0,HWM,Howmet Aerospace,Industrials,Aerospace & Defense,2024-12-24
111.65,112.69,110.96,112.53,755323,0.0,0.0,HWM,Howmet Aerospace,Industrials,Aerospace & Defense,2024-12-26
111.7,112.52,110.22,111.23,1363227,0.0,0.0,HWM,Howmet Aerospace,Industrials,Aerospace & Defense,2024-12-27
109.33,110.76,108.16,110.28,1199869,0.0,0.0,HWM,Howmet Aerospace,Industrials,Aerospace & Defense,2024-12-30
110.63,110.77,108.87,109.37,1330271,0.0,0.0,HWM,Howmet Aerospace,Industrials,Aerospace & Defense,2024-12-31
110.2,112.46,109.5,110.79,2069252,0.0,0.0,HWM,Howmet Aerospace,Industrials,Aerospace & Defense,2025-01-02
111.17,113.68,110.59,112.76,2132760,0.0,0.0,HWM,Howmet Aerospace,Industrials,Aerospace & Defense,2025-01-03
113.72,114.36,111.99,112.47,2115872,0.0,0.0,HWM,Howmet Aerospace,Industrials,Aerospace & Defense,2025-01-06
112.52,112.88,109.78,111.66,2574376,0.0,0.0,HWM,Howmet Aerospace,Industrials,Aerospace & Defense,2025-01-07
111.81,115.16,111.11,115.05,2318819,0.0,0.0,HWM,Howmet Aerospace,Industrials,Aerospace & Defense,2025-01-08
113.8,114.73,112.52,112.64,2474266,0.0,0.0,HWM,Howmet Aerospace,Industrials,Aerospace & Defense,2025-01-10
111.0,114.99,110.79,114.75,2205642,0.0,0.0,HWM,Howmet Aerospace,Industrials,Aerospace & Defense,2025-01-13
116.28,119.28,115.8,119.19,3202468,0.0,0.0,HWM,Howmet Aerospace,Industrials,Aerospace & Defense,2025-01-14
122.81,124.15,120.45,121.86,4736858,0.0,0.0,HWM,Howmet Aerospace,Industrials,Aerospace & Defense,2025-01-15
123.0,123.55,121.48,122.98,2895874,0.0,0.0,HWM,Howmet Aerospace,Industrials,Aerospace & Defense,2025-01-16
124.03,126.26,122.7,125.3,3921408,0.0,0.0,HWM,Howmet Aerospace,Industrials,Aerospace & Defense,2025-01-17
127.65,129.1,126.13,127.16,3341010,0.0,0.0,HWM,Howmet Aerospace,Industrials,Aerospace & Defense,2025-01-21
128.03,128.33,125.84,126.71,2605758,0.0,0.0,HWM,Howmet Aerospace,Industrials,Aerospace & Defense,2025-01-22
127.46,129.1,126.93,127.74,3093127,0.0,0.0,HWM,Howmet Aerospace,Industrials,Aerospace & Defense,2025-01-23
127.0,127.55,126.24,127.03,2102857,0.0,0.0,HWM,Howmet Aerospace,Industrials,Aerospace & Defense,2025-01-24
122.7,124.72,119.89,122.08,3448790,0.0,0.0,HWM,Howmet Aerospace,Industrials,Aerospace & Defense,2025-01-27
124.52,126.64,124.0,126.41,3629801,0.0,0.0,HWM,Howmet Aerospace,Industrials,Aerospace & Defense,2025-01-28
126.38,127.15,125.78,126.36,1958999,0.0,0.0,HWM,Howmet Aerospace,Industrials,Aerospace & Defense,2025-01-29
126.92,127.75,125.51,127.37,2419401,0.0,0.0,HWM,Howmet Aerospace,Industrials,Aerospace & Defense,2025-01-30
128.0,128.31,125.93,126.58,2363137,0.0,0.0,HWM,Howmet Aerospace,Industrials,Aerospace & Defense,2025-01-31
124.35,127.05,123.5,126.38,1907869,0.0,0.0,HWM,Howmet Aerospace,Industrials,Aerospace & Defense,2025-02-03
127.4,127.67,124.74,125.48,1901322,0.0,0.0,HWM,Howmet Aerospace,Industrials,Aerospace & Defense,2025-02-04
126.23,128.29,125.85,127.8,1838994,0.0,0.0,HWM,Howmet Aerospace,Industrials,Aerospace & Defense,2025-02-05
128.0,129.0,127.02,129.0,2342637,0.0,0.0,HWM,Howmet Aerospace,Industrials,Aerospace & Defense,2025-02-06
129.26,129.69,127.34,127.7,1560792,0.0,0.0,HWM,Howmet Aerospace,Industrials,Aerospace & Defense,2025-02-07
128.42,128.73,126.72,128.2,1759989,0.0,0.0,HWM,Howmet Aerospace,Industrials,Aerospace & Defense,2025-02-10
128.38,129.56,126.81,129.32,1522384,0.0,0.0,HWM,Howmet Aerospace,Industrials,Aerospace & Defense,2025-02-11
127.69,129.95,127.61,128.09,3334428,0.0,0.0,HWM,Howmet Aerospace,Industrials,Aerospace & Defense,2025-02-12
125.64,128.68,122.72,128.08,4829405,0.0,0.0,HWM,Howmet Aerospace,Industrials,Aerospace & Defense,2025-02-13
128.87,133.92,126.89,133.42,4278503,0.0,0.0,HWM,Howmet Aerospace,Industrials,Aerospace & Defense,2025-02-14
136.25,137.41,134.1,136.67,3219021,0.0,0.0,HWM,Howmet Aerospace,Industrials,Aerospace & Defense,2025-02-18
136.53,140.55,136.53,139.39,2903323,0.0,0.0,HWM,Howmet Aerospace,Industrials,Aerospace & Defense,2025-02-19
139.3,139.53,135.12,138.44,3030096,0.0,0.0,HWM,Howmet Aerospace,Industrials,Aerospace & Defense,2025-02-20
138.77,138.87,129.54,129.83,3518774,0.0,0.0,HWM,Howmet Aerospace,Industrials,Aerospace & Defense,2025-02-21
131.38,133.21,127.68,129.56,3562740,0.0,0.0,HWM,Howmet Aerospace,Industrials,Aerospace & Defense,2025-02-24
129.96,131.61,126.69,130.23,2614926,0.0,0.0,HWM,Howmet Aerospace,Industrials,Aerospace & Defense,2025-02-25
131.63,135.23,131.18,131.98,2720569,0.0,0.0,HWM,Howmet Aerospace,Industrials,Aerospace & Defense,2025-02-26
133.53,135.59,131.84,133.42,2760085,0.0,0.0,HWM,Howmet Aerospace,Industrials,Aerospace & Defense,2025-02-27
133.39,136.77,132.6,136.6,4363330,0.0,0.0,HWM,Howmet Aerospace,Industrials,Aerospace & Defense,2025-02-28
137.93,139.25,130.87,131.02,3224494,0.0,0.0,HWM,Howmet Aerospace,Industrials,Aerospace & Defense,2025-03-03
127.66,129.94,123.03,127.02,5528935,0.0,0.0,HWM,Howmet Aerospace,Industrials,Aerospace & Defense,2025-03-04
127.61,131.72,126.78,130.3,3285100,0.0,0.0,HWM,Howmet Aerospace,Industrials,Aerospace & Defense,2025-03-05
127.61,129.12,123.73,124.49,3090095,0.0,0.0,HWM,Howmet Aerospace,Industrials,Aerospace & Defense,2025-03-06
123.46,125.01,119.03,124.4,5132740,0.0,0.0,HWM,Howmet Aerospace,Industrials,Aerospace & Defense,2025-03-07
121.0,123.31,120.32,122.31,4430517,0.0,0.0,HWM,Howmet Aerospace,Industrials,Aerospace & Defense,2025-03-10
122.47,126.89,122.38,125.5,4067533,0.0,0.0,HWM,Howmet Aerospace,Industrials,Aerospace & Defense,2025-03-11
129.0,129.37,125.09,127.93,2474099,0.0,0.0,HWM,Howmet Aerospace,Industrials,Aerospace & Defense,2025-03-12
127.0,128.0,121.6,122.77,3882560,0.0,0.0,HWM,Howmet Aerospace,Industrials,Aerospace & Defense,2025-03-13
125.0,126.75,123.13,126.51,2564349,0.0,0.0,HWM,Howmet Aerospace,Industrials,Aerospace & Defense,2025-03-14
125.7,130.15,125.31,129.27,2275760,0.0,0.0,HWM,Howmet Aerospace,Industrials,Aerospace & Defense,2025-03-17
128.14,129.0,124.34,128.25,2595883,0.0,0.0,HWM,Howmet Aerospace,Industrials,Aerospace & Defense,2025-03-18
128.88,133.0,128.75,131.98,2427355,0.0,0.0,HWM,Howmet Aerospace,Industrials,Aerospace & Defense,2025-03-19
130.32,133.36,129.9,131.67,2075299,0.0,0.0,HWM,Howmet Aerospace,Industrials,Aerospace & Defense,2025-03-20
131.17,131.54,128.81,130.85,3841503,0.0,0.0,HWM,Howmet Aerospace,Industrials,Aerospace & Defense,2025-03-21
133.27,136.49,132.38,136.1,2406863,0.0,0.0,HWM,Howmet Aerospace,Industrials,Aerospace & Defense,2025-03-24
136.55,137.81,134.9,137.72,2661801,0.0,0.0,HWM,Howmet Aerospace,Industrials,Aerospace & Defense,2025-03-25
137.87,138.06,133.83,134.14,2733412,0.0,0.0,HWM,Howmet Aerospace,Industrials,Aerospace & Defense,2025-03-26
133.58,134.68,130.73,132.43,1543373,0.0,0.0,HWM,Howmet Aerospace,Industrials,Aerospace & Defense,2025-03-27
131.63,133.01,128.54,129.69,1945686,0.0,0.0,HWM,Howmet Aerospace,Industrials,Aerospace & Defense,2025-03-28
127.46,130.67,124.17,129.73,3282139,0.0,0.0,HWM,Howmet Aerospace,Industrials,Aerospace & Defense,2025-03-31
128.93,131.99,128.02,131.78,2241791,0.0,0.0,HWM,Howmet Aerospace,Industrials,Aerospace & Defense,2025-04-01
129.17,134.13,129.0,133.9,1749361,0.0,0.0,HWM,Howmet Aerospace,Industrials,Aerospace & Defense,2025-04-02
127.8,130.0,124.8,125.0,2372619,0.0,0.0,HWM,Howmet Aerospace,Industrials,Aerospace & Defense,2025-04-03
115.95,117.22,109.42,112.33,6664433,0.0,0.0,HWM,Howmet Aerospace,Industrials,Aerospace & Defense,2025-04-04
107.41,119.25,105.04,115.78,5805735,0.0,0.0,HWM,Howmet Aerospace,Industrials,Aerospace & Defense,2025-04-07
122.23,122.95,112.69,114.62,4242076,0.0,0.0,HWM,Howmet Aerospace,Industrials,Aerospace & Defense,2025-04-08
113.28,129.46,112.08,128.09,5275036,0.0,0.0,HWM,Howmet Aerospace,Industrials,Aerospace & Defense,2025-04-09
124.88,127.45,120.34,124.19,3076541,0.0,0.0,HWM,Howmet Aerospace,Industrials,Aerospace & Defense,2025-04-10
123.37,126.35,121.93,125.67,2035989,0.0,0.0,HWM,Howmet Aerospace,Industrials,Aerospace & Defense,2025-04-11
128.45,129.08,126.26,127.46,2011548,0.0,0.0,HWM,Howmet Aerospace,Industrials,Aerospace & Defense,2025-04-14
123.6,126.57,123.05,124.47,3606937,0.0,0.0,HWM,Howmet Aerospace,Industrials,Aerospace & Defense,2025-04-15
123.9,126.3,122.24,123.93,2864167,0.0,0.0,HWM,Howmet Aerospace,Industrials,Aerospace & Defense,2025-04-16
123.58,125.14,122.96,123.23,2189090,0.0,0.0,HWM,Howmet Aerospace,Industrials,Aerospace & Defense,2025-04-17
122.49,122.99,118.09,119.47,2008233,0.0,0.0,HWM,Howmet Aerospace,Industrials,Aerospace & Defense,2025-04-21
121.29,125.02,121.07,124.3,2234612,0.0,0.0,HWM,Howmet Aerospace,Industrials,Aerospace & Defense,2025-04-22
129.19,132.31,127.5,129.7,2931645,0.0,0.0,HWM,Howmet Aerospace,Industrials,Aerospace & Defense,2025-04-23
129.28,134.34,129.28,133.49,2224306,0.0,0.0,HWM,Howmet Aerospace,Industrials,Aerospace & Defense,2025-04-24
134.3,136.46,133.74,135.76,1603441,0.0,0.0,HWM,Howmet Aerospace,Industrials,Aerospace & Defense,2025-04-25
138.27,139.61,135.06,136.35,2878883,0.0,0.0,HWM,Howmet Aerospace,Industrials,Aerospace & Defense,2025-04-28
136.0,138.41,135.75,137.5,2450157,0.0,0.0,HWM,Howmet Aerospace,Industrials,Aerospace & Defense,2025-04-29
135.1,138.97,134.81,138.58,3140949,0.0,0.0,HWM,Howmet Aerospace,Industrials,Aerospace & Defense,2025-04-30
146.46,150.48,144.71,148.03,4819591,0.0,0.0,HWM,Howmet Aerospace,Industrials,Aerospace & Defense,2025-05-01
150.21,154.73,150.21,154.07,3652086,0.0,0.0,HWM,Howmet Aerospace,Industrials,Aerospace & Defense,2025-05-02
153.07,155.59,152.82,154.34,1882133,0.0,0.0,HWM,Howmet Aerospace,Industrials,Aerospace & Defense,2025-05-05
151.32,156.8,150.63,155.8,2646364,0.0,0.0,HWM,Howmet Aerospace,Industrials,Aerospace & Defense,2025-05-06
155.63,157.43,154.31,157.12,2908231,0.0,0.0,HWM,Howmet Aerospace,Industrials,Aerospace & Defense,2025-05-07
158.69,159.04,157.05,157.5,2806176,0.0,0.0,HWM,Howmet Aerospace,Industrials,Aerospace & Defense,2025-05-08
157.9,158.97,154.72,157.41,2232699,0.0,0.0,HWM,Howmet Aerospace,Industrials,Aerospace & Defense,2025-05-09
160.62,161.58,155.61,156.96,4990823,0.0,0.0,HWM,Howmet Aerospace,Industrials,Aerospace & Defense,2025-05-12
156.62,160.14,155.22,158.3,3635342,0.0,0.0,HWM,Howmet Aerospace,Industrials,Aerospace & Defense,2025-05-13
158.79,160.83,158.12,159.46,3505186,0.0,0.0,HWM,Howmet Aerospace,Industrials,Aerospace & Defense,2025-05-14
159.0,161.72,159.0,161.29,4660646,0.0,0.0,HWM,Howmet Aerospace,Industrials,Aerospace & Defense,2025-05-15
161.13,162.91,160.59,162.8,1839414,0.0,0.0,HWM,Howmet Aerospace,Industrials,Aerospace & Defense,2025-05-16
162.5,166.38,160.4,166.24,2585664,0.0,0.0,HWM,Howmet Aerospace,Industrials,Aerospace & Defense,2025-05-19
165.74,166.5,164.08,165.1,1836152,0.0,0.0,HWM,Howmet Aerospace,Industrials,Aerospace & Defense,2025-05-20
164.34,165.7,162.16,162.76,1858801,0.0,0.0,HWM,Howmet Aerospace,Industrials,Aerospace & Defense,2025-05-21
162.56,164.35,161.53,163.01,2073469,0.0,0.0,HWM,Howmet Aerospace,Industrials,Aerospace & Defense,2025-05-22
161.58,166.02,160.01,165.09,2045869,0.0,0.0,HWM,Howmet Aerospace,Industrials,Aerospace & Defense,2025-05-23
167.27,169.81,167.14,169.69,2845123,0.0,0.0,HWM,Howmet Aerospace,Industrials,Aerospace & Defense,2025-05-27
169.75,171.52,169.35,170.32,2781497,0.0,0.0,HWM,Howmet Aerospace,Industrials,Aerospace & Defense,2025-05-28
170.11,171.3,168.29,170.09,3286005,0.0,0.0,HWM,Howmet Aerospace,Industrials,Aerospace & Defense,2025-05-29
169.54,170.78,167.9,169.89,4750292,0.0,0.0,HWM,Howmet Aerospace,Industrials,Aerospace & Defense,2025-05-30
170.24,172.76,169.92,172.65,2287840,0.0,0.0,HWM,Howmet Aerospace,Industrials,Aerospace & Defense,2025-06-02
172.56,174.66,170.17,172.61,2764455,0.0,0.0,HWM,Howmet Aerospace,Industrials,Aerospace & Defense,2025-06-03
173.3,175.26,172.76,173.94,2118813,0.0,0.0,HWM,Howmet Aerospace,Industrials,Aerospace & Defense,2025-06-04
174.98,175.44,173.18,175.01,1989111,0.0,0.0,HWM,Howmet Aerospace,Industrials,Aerospace & Defense,2025-06-05
175.84,177.25,174.6,175.37,1656190,0.0,0.0,HWM,Howmet Aerospace,Industrials,Aerospace & Defense,2025-06-06
176.57,176.87,172.79,172.87,2277916,0.0,0.0,HWM,Howmet Aerospace,Industrials,Aerospace & Defense,2025-06-09
171.5,173.41,166.86,168.62,5076998,0.0,0.0,HWM,Howmet Aerospace,Industrials,Aerospace & Defense,2025-06-10
169.07,172.1,165.51,170.74,2979988,0.0,0.0,HWM,Howmet Aerospace,Industrials,Aerospace & Defense,2025-06-11
168.68,172.02,168.5,171.52,2280959,0.0,0.0,HWM,Howmet Aerospace,Industrials,Aerospace & Defense,2025-06-12
170.92,172.55,170.1,171.2,2418598,0.0,0.0,HWM,Howmet Aerospace,Industrials,Aerospace & Defense,2025-06-13
172.79,174.39,171.29,171.6,2340010,0.0,0.0,HWM,Howmet Aerospace,Industrials,Aerospace & Defense,2025-06-16
171.47,172.92,170.87,172.12,1965541,0.0,0.0,HWM,Howmet Aerospace,Industrials,Aerospace & Defense,2025-06-17
172.01,173.63,169.93,170.23,2343640,0.0,0.0,HWM,Howmet Aerospace,Industrials,Aerospace & Defense,2025-06-18
171.71,173.46,169.06,173.34,4597637,0.0,0.0,HWM,Howmet Aerospace,Industrials,Aerospace & Defense,2025-06-20
172.9,175.78,172.39,175.63,2427107,0.0,0.0,HWM,Howmet Aerospace,Industrials,Aerospace & Defense,2025-06-23
177.0,177.5,173.78,176.57,2509698,0.0,0.0,HWM,Howmet Aerospace,Industrials,Aerospace & Defense,2025-06-24
177.73,178.69,175.28,176.08,2692864,0.0,0.0,HWM,Howmet Aerospace,Industrials,Aerospace & Defense,2025-06-25
178.58,179.32,175.85,176.85,4390800,0.0,0.0,HWM,Howmet Aerospace,Industrials,Aerospace & Defense,2025-06-26
177.48,185.52,177.48,184.9,23827752,0.0,0.0,HWM,Howmet Aerospace,Industrials,Aerospace & Defense,2025-06-27
183.04,187.51,182.16,186.13,4564919,0.0,0.0,HWM,Howmet Aerospace,Industrials,Aerospace & Defense,2025-06-30
183.88,186.35,176.02,176.22,6061306,0.0,0.0,HWM,Howmet Aerospace,Industrials,Aerospace & Defense,2025-07-01
175.37,176.96,173.5,175.95,3250144,0.0,0.0,HWM,Howmet Aerospace,Industrials,Aerospace & Defense,2025-07-02
176.69,181.06,176.07,181.06,1766353,0.0,0.0,HWM,Howmet Aerospace,Industrials,Aerospace & Defense,2025-07-03
180.95,182.32,178.78,180.25,2865229,0.0,0.0,HWM,Howmet Aerospace,Industrials,Aerospace & Defense,2025-07-07
179.99,181.34,174.14,179.46,3289066,0.0,0.0,HWM,Howmet Aerospace,Industrials,Aerospace & Defense,2025-07-08
181.4,182.44,179.0,181.42,2306283,0.0,0.0,HWM,Howmet Aerospace,Industrials,Aerospace & Defense,2025-07-09
181.93,182.7,176.63,178.53,2824780,0.0,0.0,HWM,Howmet Aerospace,Industrials,Aerospace & Defense,2025-07-10
178.39,180.31,178.0,179.68,1748339,0.0,0.0,HWM,Howmet Aerospace,Industrials,Aerospace & Defense,2025-07-11
180.2,184.66,179.36,184.32,2085288,0.0,0.0,HWM,Howmet Aerospace,Industrials,Aerospace & Defense,2025-07-14
184.5,185.12,182.14,184.68,1918785,0.0,0.0,HWM,Howmet Aerospace,Industrials,Aerospace & Defense,2025-07-15
185.07,185.68,181.0,184.3,1844072,0.0,0.0,HWM,Howmet Aerospace,Industrials,Aerospace & Defense,2025-07-16
185.99,189.48,185.25,188.83,3040976,0.0,0.0,HWM,Howmet Aerospace,Industrials,Aerospace & Defense,2025-07-17
189.12,191.6,188.5,190.49,2265279,0.0,0.0,HWM,Howmet Aerospace,Industrials,Aerospace & Defense,2025-07-18
190.5,190.67,187.3,187.83,2098404,0.0,0.0,HWM,Howmet Aerospace,Industrials,Aerospace & Defense,2025-07-21
185.01,186.89,180.27,183.34,3283255,0.0,0.0,HWM,Howmet Aerospace,Industrials,Aerospace & Defense,2025-07-22
183.81,186.78,183.1,186.4,2769886,0.0,0.0,HWM,Howmet Aerospace,Industrials,Aerospace & Defense,2025-07-23
187.35,188.33,186.1,186.8,2903525,0.0,0.0,HWM,Howmet Aerospace,Industrials,Aerospace & Defense,2025-07-24
187.63,190.94,187.01,189.52,1915679,0.0,0.0,HWM,Howmet Aerospace,Industrials,Aerospace & Defense,2025-07-25
190.12,190.44,187.15,188.17,2338015,0.0,0.0,HWM,Howmet Aerospace,Industrials,Aerospace & Defense,2025-07-28
190.81,191.2,188.73,189.17,2289596,0.0,0.0,HWM,Howmet Aerospace,Industrials,Aerospace & Defense,2025-07-29
189.03,193.26,188.48,192.14,2971682,0.0,0.0,HWM,Howmet Aerospace,Industrials,Aerospace & Defense,2025-07-30
187.78,188.8,171.78,179.77,8508768,0.0,0.0,HWM,Howmet Aerospace,Industrials,Aerospace & Defense,2025-07-31
177.0,186.37,174.02,184.26,5089428,0.0,0.0,HWM,Howmet Aerospace,Industrials,Aerospace & Defense,2025-08-01
185.5,186.55,180.74,181.16,3729122,0.0,0.0,HWM,Howmet Aerospace,Industrials,Aerospace & Defense,2025-08-04
182.0,182.98,177.67,179.32,2986805,0.0,0.0,HWM,Howmet Aerospace,Industrials,Aerospace & Defense,2025-08-05
179.4,182.68,178.05,182.06,2018086,0.0,0.0,HWM,Howmet Aerospace,Industrials,Aerospace & Defense,2025-08-06
181.64,182.97,178.0,181.58,1890145,0.0,0.0,HWM,Howmet Aerospace,Industrials,Aerospace & Defense,2025-08-07
182.77,183.41,178.79,180.75,1588833,0.0,0.0,HWM,Howmet Aerospace,Industrials,Aerospace & Defense,2025-08-08
180.67,181.86,178.16,179.88,1449686,0.0,0.0,HWM,Howmet Aerospace,Industrials,Aerospace & Defense,2025-08-11
180.81,181.3,178.38,180.9,1256264,0.0,0.0,HWM,Howmet Aerospace,Industrials,Aerospace & Defense,2025-08-12
181.57,181.81,172.52,176.8,3174738,0.0,0.0,HWM,Howmet Aerospace,Industrials,Aerospace & Defense,2025-08-13
176.4,177.41,174.17,175.99,2004073,0.0,0.0,HWM,Howmet Aerospace,Industrials,Aerospace & Defense,2025-08-14
176.0,176.0,170.34,171.25,3265040,0.0,0.0,HWM,Howmet Aerospace,Industrials,Aerospace & Defense,2025-08-15
171.96,173.48,170.8,173.05,2241148,0.0,0.0,HWM,Howmet Aerospace,Industrials,Aerospace & Defense,2025-08-18
172.25,174.19,171.04,171.9,2274362,0.0,0.0,HWM,Howmet Aerospace,Industrials,Aerospace & Defense,2025-08-19
171.5,172.66,169.45,171.94,2762921,0.0,0.0,HWM,Howmet Aerospace,Industrials,Aerospace & Defense,2025-08-20
171.85,174.49,171.26,173.25,2261709,0.0,0.0,HWM,Howmet Aerospace,Industrials,Aerospace & Defense,2025-08-21
174.1,175.08,170.24,171.0,2996379,0.0,0.0,HWM,Howmet Aerospace,Industrials,Aerospace & Defense,2025-08-22
171.35,174.73,170.85,171.24,1945758,0.0,0.0,HWM,Howmet Aerospace,Industrials,Aerospace & Defense,2025-08-25
172.1,176.23,171.4,175.92,4060092,0.0,0.0,HWM,Howmet Aerospace,Industrials,Aerospace & Defense,2025-08-26
175.5,176.67,174.94,175.65,1926820,0.0,0.0,HWM,Howmet Aerospace,Industrials,Aerospace & Defense,2025-08-27
175.75,177.46,175.3,176.16,2313325,0.0,0.0,HWM,Howmet Aerospace,Industrials,Aerospace & Defense,2025-08-28
176.15,176.54,172.52,174.1,1665696,0.0,0.0,HWM,Howmet Aerospace,Industrials,Aerospace & Defense,2025-08-29
172.31,173.59,170.81,173.22,1995246,0.0,0.0,HWM,Howmet Aerospace,Industrials,Aerospace & Defense,2025-09-02
173.4,174.51,172.41,174.49,1678686,0.0,0.0,HWM,Howmet Aerospace,Industrials,Aerospace & Defense,2025-09-03
174.87,180.95,174.66,179.53,2265845,0.0,0.0,HWM,Howmet Aerospace,Industrials,Aerospace & Defense,2025-09-04
180.25,181.39,173.38,178.2,2016705,0.0,0.0,HWM,Howmet Aerospace,Industrials,Aerospace & Defense,2025-09-05
178.28,180.55,178.28,179.43,1777422,0.0,0.0,HWM,Howmet Aerospace,Industrials,Aerospace & Defense,2025-09-08
178.78,179.49,176.32,178.98,1399697,0.0,0.0,HWM,Howmet Aerospace,Industrials,Aerospace & Defense,2025-09-09
180.0,184.23,179.62,183.8,1995527,0.0,0.0,HWM,Howmet Aerospace,Industrials,Aerospace & Defense,2025-09-10
184.39,185.66,181.36,184.21,2000371,0.0,0.0,HWM,Howmet Aerospace,Industrials,Aerospace & Defense,2025-09-11
185.0,187.26,184.5,185.77,1817451,0.0,0.0,HWM,Howmet Aerospace,Industrials,Aerospace & Defense,2025-09-12
186.0,189.5,186.0,189.25,1813190,0.0,0.0,HWM,Howmet Aerospace,Industrials,Aerospace & Defense,2025-09-15
189.5,190.29,186.47,187.46,3288048,0.0,0.0,HWM,Howmet Aerospace,Industrials,Aerospace & Defense,2025-09-16
187.58,188.25,183.24,185.39,2227917,0.0,0.0,HWM,Howmet Aerospace,Industrials,Aerospace & Defense,2025-09-17
184.67,192.25,182.78,191.84,2223229,0.0,0.0,HWM,Howmet Aerospace,Industrials,Aerospace & Defense,2025-09-18
192.9,192.99,186.3,190.23,4621121,0.0,0.0,HWM,Howmet Aerospace,Industrials,Aerospace & Defense,2025-09-19
192.5,192.8,190.0,192.15,2111193,0.0,0.0,HWM,Howmet Aerospace,Industrials,Aerospace & Defense,2025-09-22
192.45,194.35,189.72,193.58,2224919,0.0,0.0,HWM,Howmet Aerospace,Industrials,Aerospace & Defense,2025-09-23
194.56,194.69,190.09,190.22,1772359,0.0,0.0,HWM,Howmet Aerospace,Industrials,Aerospace & Defense,2025-09-24
189.53,190.37,186.73,189.85,1326907,0.0,0.0,HWM,Howmet Aerospace,Industrials,Aerospace & Defense,2025-09-25
192.0,194.89,191.13,193.15,2339698,0.0,0.0,HWM,Howmet Aerospace,Industrials,Aerospace & Defense,2025-09-26
194.69,196.39,189.92,191.92,2485361,0.0,0.0,HWM,Howmet Aerospace,Industrials,Aerospace & Defense,2025-09-29
192.39,196.66,191.93,196.23,2384759,0.0,0.0,HWM,Howmet Aerospace,Industrials,Aerospace & Defense,2025-09-30
194.16,198.48,193.04,194.85,2267178,0.0,0.0,HWM,Howmet Aerospace,Industrials,Aerospace & Defense,2025-10-01
195.12,196.13,190.15,191.08,2133501,0.0,0.0,HWM,Howmet Aerospace,Industrials,Aerospace & Defense,2025-10-02
191.97,192.02,186.89,189.25,1617609,0.0,0.0,HWM,Howmet Aerospace,Industrials,Aerospace & Defense,2025-10-03
188.49,190.98,186.59,190.48,1751464,0.0,0.0,HWM,Howmet Aerospace,Industrials,Aerospace & Defense,2025-10-06
190.42,191.52,188.84,191.46,1489295,0.0,0.0,HWM,Howmet Aerospace,Industrials,Aerospace & Defense,2025-10-07
192.55,193.83,190.26,191.65,1265787,0.0,0.0,HWM,Howmet Aerospace,Industrials,Aerospace & Defense,2025-10-08
192.57,192.93,188.59,188.83,1121394,0.0,0.0,HWM,Howmet Aerospace,Industrials,Aerospace & Defense,2025-10-09
188.75,190.14,183.83,184.09,1726251,0.0,0.0,HWM,Howmet Aerospace,Industrials,Aerospace & Defense,2025-10-10
186.08,190.79,185.83,189.99,1671661,0.0,0.0,HWM,Howmet Aerospace,Industrials,Aerospace & Defense,2025-10-13
188.0,194.95,186.88,193.03,1884482,0.0,0.0,HWM,Howmet Aerospace,Industrials,Aerospace & Defense,2025-10-14
194.48,196.07,189.03,192.27,1212905,0.0,0.0,HWM,Howmet Aerospace,Industrials,Aerospace & Defense,2025-10-15
192.98,194.45,190.38,191.68,1352122,0.0,0.0,HWM,Howmet Aerospace,Industrials,Aerospace & Defense,2025-10-16
189.84,191.35,187.46,189.68,1523108,0.0,0.0,HWM,Howmet Aerospace,Industrials,Aerospace & Defense,2025-10-17
191.63,193.5,190.59,192.52,1045121,0.0,0.0,HWM,Howmet Aerospace,Industrials,Aerospace & Defense,2025-10-20
193.24,197.84,193.08,197.18,2022624,0.0,0.0,HWM,Howmet Aerospace,Industrials,Aerospace & Defense,2025-10-21
197.79,200.0,188.86,191.23,2250958,0.0,0.0,HWM,Howmet Aerospace,Industrials,Aerospace & Defense,2025-10-22
191.61,200.2,191.5,200.1,2300813,0.0,0.0,HWM,Howmet Aerospace,Industrials,Aerospace & Defense,2025-10-23
201.7,202.5,198.25,198.51,2142212,0.0,0.0,HWM,Howmet Aerospace,Industrials,Aerospace & Defense,2025-10-24
201.05,202.72,199.88,201.72,1665600,0.0,0.0,HWM,Howmet Aerospace Inc.,Industrials,Aerospace & Defense,2025-10-27
202.88,205.17,200.73,200.92,2499900,0.0,0.0,HWM,Howmet Aerospace Inc.,Industrials,Aerospace & Defense,2025-10-28
200.95,205.03,199.54,203.36,2517400,0.0,0.0,HWM,Howmet Aerospace Inc.,Industrials,Aerospace & Defense,2025-10-29
201.0,211.83,199.88,201.65,3983100,0.0,0.0,HWM,Howmet Aerospace Inc.,Industrials,Aerospace & Defense,2025-10-30
202.75,209.68,202.75,205.83,3401800,0.0,0.0,HWM,Howmet Aerospace Inc.,Industrials,Aerospace & Defense,2025-10-31
207.98,210.38,206.42,206.62,3134400,0.0,0.0,HWM,Howmet Aerospace Inc.,Industrials,Aerospace & Defense,2025-11-03
202.95,205.42,200.47,204.9,1917800,0.0,0.0,HWM,Howmet Aerospace Inc.,Industrials,Aerospace & Defense,2025-11-04
202.91,207.32,202.91,206.19,1406300,0.0,0.0,HWM,Howmet Aerospace Inc.,Industrials,Aerospace & Defense,2025-11-05
206.0,208.12,204.55,205.6,1935700,0.0,0.0,HWM,Howmet Aerospace Inc.,Industrials,Aerospace & Defense,2025-11-06
204.69,207.4,201.32,206.66,2282400,0.12,0.0,HWM,Howmet Aerospace Inc.,Industrials,Aerospace & Defense,2025-11-07
208.83,211.78,206.87,209.74,1413700,0.0,0.0,HWM,Howmet Aerospace Inc.,Industrials,Aerospace & Defense,2025-11-10
208.27,209.96,204.8,208.9,1435300,0.0,0.0,HWM,Howmet Aerospace Inc.,Industrials,Aerospace & Defense,2025-11-11
208.57,210.32,204.75,205.07,2144000,0.0,0.0,HWM,Howmet Aerospace Inc.,Industrials,Aerospace & Defense,2025-11-12
205.86,205.86,200.261,201.3,3006414,0.0,0.0,HWM,Howmet Aerospace Inc.,Industrials,Aerospace & Defense,2025-11-13
200.0,205.0,197.0,203.29,1573858,0.0,0.0,HWM,Howmet Aerospace Inc.,Industrials,Aerospace & Defense,2025-11-14
203.97,204.7,199.0,200.28,1469270,0.0,0.0,HWM,Howmet Aerospace Inc.,Industrials,Aerospace & Defense,2025-11-17
200.81,202.36,196.641,201.22,2035177,0.0,0.0,HWM,Howmet Aerospace Inc.,Industrials,Aerospace & Defense,2025-11-18
201.22,205.35,200.66,202.06,2152145,0.0,0.0,HWM,Howmet Aerospace Inc.,Industrials,Aerospace & Defense,2025-11-19
206.72,207.85,197.57,197.92,2487357,0.0,0.0,HWM,Howmet Aerospace Inc.,Industrials,Aerospace & Defense,2025-11-20
197.0,198.65,192.76,197.28,2927913,0.0,0.0,HWM,Howmet Aerospace Inc.,Industrials,Aerospace & Defense,2025-11-21
